
1,0,0,0,0,0,0,0,0,0,0,0,0,2,2,2,2,2,2,2,2,2,2,2,2,4,4,4,4,4,4,4,4,4,4,4,4,6,6,6,6,6,6,6,6,6,6,6,6,8,8,8,8,8,8,8,8,8,8,8,8,10,10,10,10,10,10,10,10,10,10,10,10,12,12,12,12,12,12,12,12,12,12,12,12,14,14,14,14,14,14,14,14,14,14,14,14,16,16,16,16,16,16,16,16,16,16,16,16,18,18,18,18,18,18,18,18,18,18,18,18,20,20,20,20,20,20,20,20,20,20,20,20,22,22,22,22,22,22,22,22,22,22,22,22,36,36,36,38,38,38,40,40,40,42,42,42,
2,0,0,0,0,0,0,0,0,0,0,0,0,2,2,2,2,2,2,2,2,2,2,2,2,4,4,4,4,4,4,4,4,4,4,4,4,6,6,6,6,6,6,6,6,6,6,6,6,8,8,8,8,8,8,8,8,8,8,8,8,10,10,10,10,10,10,10,10,10,10,10,10,12,12,12,12,12,12,12,12,12,12,12,12,14,14,14,14,14,14,14,14,14,14,14,14,16,16,16,16,16,16,16,16,16,16,16,16,18,18,18,18,18,18,18,18,18,18,18,18,20,20,20,20,20,20,20,20,20,20,20,20,22,22,22,22,22,22,22,22,22,22,22,22,34,34,34,36,36,36,38,38,38,40,40,40,
3,0,0,0,0,0,0,0,0,0,0,0,0,2,2,2,2,2,2,2,2,2,2,2,2,4,4,4,4,4,4,4,4,4,4,4,4,6,6,6,6,6,6,6,6,6,6,6,6,8,8,8,8,8,8,8,8,8,8,8,8,10,10,10,10,10,10,10,10,10,10,10,10,12,12,12,12,12,12,12,12,12,12,12,12,14,14,14,14,14,14,14,14,14,14,14,14,16,16,16,16,16,16,16,16,16,16,16,16,18,18,18,18,18,18,18,18,18,18,18,18,20,20,20,20,20,20,20,20,20,20,20,20,22,22,22,22,22,22,22,22,22,22,22,22,32,32,32,34,34,34,36,36,36,38,38,38,
4,0,0,0,0,0,0,0,0,0,0,0,0,2,2,2,2,2,2,2,2,2,2,2,2,4,4,4,4,4,4,4,4,4,4,4,4,6,6,6,6,6,6,6,6,6,6,6,6,8,8,8,8,8,8,8,8,8,8,8,8,10,10,10,10,10,10,10,10,10,10,10,10,12,12,12,12,12,12,12,12,12,12,12,12,14,14,14,14,14,14,14,14,14,14,14,14,16,16,16,16,16,16,16,16,16,16,16,16,18,18,18,18,18,18,18,18,18,18,18,18,20,20,20,20,20,20,20,20,20,20,20,20,22,22,22,22,22,22,22,22,22,22,22,22,30,30,30,32,32,32,34,34,34,36,36,36,
5,0,0,0,0,0,0,0,0,0,0,0,0,2,2,2,2,2,2,2,2,2,2,2,2,4,4,4,4,4,4,4,4,4,4,4,4,6,6,6,6,6,6,6,6,6,6,6,6,8,8,8,8,8,8,8,8,8,8,8,8,10,10,10,10,10,10,10,10,10,10,10,10,12,12,12,12,12,12,12,12,12,12,12,12,14,14,14,14,14,14,14,14,14,14,14,14,16,16,16,16,16,16,16,16,16,16,16,16,18,18,18,18,18,18,18,18,18,18,18,18,20,20,20,20,20,20,20,20,20,20,20,20,22,22,22,22,22,22,22,22,22,22,22,22,28,28,28,30,30,30,32,32,32,34,34,34,
6,0,0,0,0,0,0,0,0,0,0,0,0,2,2,2,2,2,2,2,2,2,2,2,2,4,4,4,4,4,4,4,4,4,4,4,4,6,6,6,6,6,6,6,6,6,6,6,6,8,8,8,8,8,8,8,8,8,8,8,8,10,10,10,10,10,10,10,10,10,10,10,10,12,12,12,12,12,12,12,12,12,12,12,12,14,14,14,14,14,14,14,14,14,14,14,14,16,16,16,16,16,16,16,16,16,16,16,16,18,18,18,18,18,18,18,18,18,18,18,18,20,20,20,20,20,20,20,20,20,20,20,20,22,22,22,22,22,22,22,22,22,22,22,22,26,26,26,28,28,28,30,30,30,32,32,32,
7,0,0,0,0,0,0,0,0,0,0,0,0,2,2,2,2,2,2,2,2,2,2,2,2,4,4,4,4,4,4,4,4,4,4,4,4,6,6,6,6,6,6,6,6,6,6,6,6,8,8,8,8,8,8,8,8,8,8,8,8,10,10,10,10,10,10,10,10,10,10,10,10,12,12,12,12,12,12,12,12,12,12,12,12,14,14,14,14,14,14,14,14,14,14,14,14,16,16,16,16,16,16,16,16,16,16,16,16,18,18,18,18,18,18,18,18,18,18,18,18,20,20,20,20,20,20,20,20,20,20,20,20,22,22,22,22,22,22,22,22,22,22,22,22,24,24,24,26,26,26,28,28,28,30,30,30,
8,0,0,0,0,0,0,0,0,0,0,0,0,2,2,2,2,2,2,2,2,2,2,2,2,4,4,4,4,4,4,4,4,4,4,4,4,6,6,6,6,6,6,6,6,6,6,6,6,8,8,8,8,8,8,8,8,8,8,8,8,10,10,10,10,10,10,10,10,10,10,10,10,12,12,12,12,12,12,12,12,12,12,12,12,14,14,14,14,14,14,14,14,14,14,14,14,16,16,16,16,16,16,16,16,16,16,16,16,18,18,18,18,18,18,18,18,18,18,18,18,20,20,20,20,20,20,20,20,20,20,20,20,22,22,22,22,21.9896,21.9791,21.9791,21.9896,22,22,22,22,22.0207,22.0207,22.0208,24.0001,24.0001,24.0001,26,26,26,28,28,28,
9,0,0,0,0,0,0,0,0,0,0,0,0,2,2,2,2,2,2,2,2,2,2,2,2,4,4,4,4,4,4,4,4,4,4,4,4,6,6,6,6,6,6,6,6,6,6,6,6,8,8,8,8,8,8,8,8,8,8,8,8,10,10,10,10,10,10,10,10,10,10,10,10,12,12,12,12,12,12,12,12,12,12,12,12,14,14,14,14,14,14,14,14,14,14,14,14,16,16,16,16,16,16,16,16,16,16,16,16,18,18,18,18,18,18,18,18,18,18,18,18,20,20,20,20,20,19.9686,19.9686,19.9686,20,20,20,20,22,22,22,22,21.9683,21.9362,21.9362,21.9683,22,22,22,22,20.0733,20.0733,20.0728,22.0215,22.0215,22.0222,24.0001,24.0001,24.0001,26,26,26,
10,0,0,0,0,0,0,0,0,0,0,0,0,2,2,2,2,2,2,2,2,2,2,2,2,4,4,4,4,4,4,4,4,4,4,4,4,6,6,6,6,6,6,6,6,6,6,6,6,8,8,8,8,8,8,8,8,8,8,8,8,10,10,10,10,10,10,10,10,10,10,10,10,12,12,12,12,12,12,12,12,12,12,12,12,14,14,14,14,14,14,14,14,14,14,14,14,16,16,16,16,16,16,16,16,16,16,16,16,18,18,18,18,17.9908,17.9817,17.9817,17.9908,18,18,18,18,20,20,20,20,20,19.8981,19.8983,19.8981,20,20,20,20,22,22,22,22.0002,21.947,21.8937,21.8937,21.947,22.0002,22,22,22,18.1276,18.1276,18.1249,20.08,20.08,20.08,22.0184,22.0184,22.0214,24.0001,24.0001,24.0001,
11,0,0,0,0,0,0,0,0,0,0,0,0,2,2,2,2,2,2,2,2,2,2,2,2,4,4,4,4,4,4,4,4,4,4,4,4,6,6,6,6,6,6,6,6,6,6,6,6,8,8,8,8,8,8,8,8,8,8,8,8,10,10,10,10,10,10,10,10,10,10,10,10,12,12,12,12,12,12,12,12,12,12,12,12,14,14,14,14,14,14,14,14,14,14,14,14,16,16,16,16,16,15.9734,15.9732,15.9734,16,16,16,16,18,18,18,18,17.9689,17.9387,17.9387,17.9689,18,18,18,18,20,20,20,20,20,19.8261,19.8253,19.8261,20,20,20,20,22,22,22,22.0013,21.9253,21.8516,21.8516,21.9253,22.0013,22,22,22,16.1687,16.1687,16.1637,18.1528,18.1528,18.1489,20.0738,20.0738,20.0784,22.0146,22.0146,22.0203,
12,0,0,0,0,0,0,0,0,0,0,0,0,2,2,2,2,2,2,2,2,2,2,2,2,4,4,4,4,4,4,4,4,4,4,4,4,6,6,6,6,6,6,6,6,6,6,6,6,8,8,8,8,8,8,8,8,8,8,8,8,10,10,10,10,10,10,10,10,10,10,10,10,12,12,12,12,12,12,12,12,12,12,12,12,14,14,14,14,13.9917,13.9843,13.9843,13.9917,14,14,14,14,16,16,16,16,16,15.9036,15.9034,15.9036,16,16,16,16,18,18,18,18.0002,17.9458,17.8948,17.8948,17.9458,18.0002,18,18,18,20,20,20,20,19.9988,19.7533,19.7504,19.7533,19.9988,20,20,20,22,22,22,22.0043,21.9043,21.8263,21.8263,21.9043,22.0043,22,22,22,14.2194,14.2194,14.2103,16.2072,16.2072,16.1999,18.153,18.153,18.1533,20.0654,20.0654,20.0778,
13,0,0,0,0,0,0,0,0,0,0,0,0,2,2,2,2,2,2,2,2,2,2,2,2,4,4,4,4,4,4,4,4,4,4,4,4,6,6,6,6,6,6,6,6,6,6,6,6,8,8,8,8,8,8,8,8,8,8,8,8,10,10,10,10,10,10,10,10,10,10,10,10,12,12,12,12,12,11.9772,11.9767,11.9772,12,12,12,12,14,14,14,14,13.9687,13.9438,13.9438,13.9687,14,14,14,14,16,16,16,16,16,15.8311,15.8306,15.8311,16,16,16,16,18,18,18,18.0012,17.922,17.8503,17.8503,17.922,18.0012,18,18,18,20,20,20,20,19.9915,19.6987,19.6932,19.6987,19.9915,20,20,20,22,22,22,22.011,21.8878,21.8272,21.8272,21.8878,22.011,22,22,22,12.2569,12.2569,12.244,14.2781,14.2781,14.2625,16.2124,16.2124,16.2096,18.1522,18.1522,18.1632,
14,0,0,0,0,0,0,0,0,0,0,0,0,2,2,2,2,2,2,2,2,2,2,2,2,4,4,4,4,4,4,4,4,4,4,4,4,6,6,6,6,6,6,6,6,6,6,6,6,8,8,8,8,8,8,8,8,8,8,8,8,10,10,10,10,9.9919,9.98717,9.98717,9.9919,10,10,10,10,12,12,12,12,11.9999,11.909,11.9083,11.909,11.9999,12,12,12,14,14,14,14.0002,13.9421,13.9041,13.9041,13.9421,14.0002,14,14,14,16,16,16,16,15.9985,15.7581,15.7582,15.7581,15.9985,16,16,16,18,18,18,18.0044,17.9003,17.8153,17.8153,17.9003,18.0044,18,18,18,20,20,20,20,19.975,19.693,19.6898,19.693,19.975,20,20,20,22,22,21.9998,22.0229,21.8755,21.8282,21.8282,21.8755,22.0229,21.9998,22,22,10.3092,10.3092,10.2896,12.3278,12.3278,12.3042,14.2992,14.2992,14.2831,16.2247,16.2247,16.2343,
15,0,0,0,0,0,0,0,0,0,0,0,0,2,2,2,2,2,2,2,2,2,2,2,2,4,4,4,4,4,4,4,4,4,4,4,4,6,6,6,6,6,6,6,6,6,6,6,6,8,8,8,8,7.99997,7.98093,7.97971,7.98093,7.99997,8,8,8,10,10,10,10,9.96528,9.95036,9.95036,9.96528,10,10,10,10,12,12,12,12,11.9994,11.8421,11.8378,11.8421,11.9994,12,12,12,14,14,14,14.0013,13.9119,13.8645,13.8645,13.9119,14.0013,14,14,14,16,16,16,16,15.9912,15.6951,15.6984,15.6951,15.9912,16,16,16,18,18,18,18.0117,17.8861,17.8048,17.8048,17.8861,18.0117,18,18,18,20,20,20,20,19.9489,19.6879,19.6867,19.6879,19.9489,20,20,20,22,22,21.9991,22.0404,21.8676,21.8292,21.8292,21.8676,22.0404,21.9991,22,22,8.34772,8.34772,8.32097,10.3969,10.3969,10.3609,12.3693,12.3693,12.3349,14.3323,14.3323,14.3326,
16,0,0,0,0,0,0,0,0,0,0,0,0,2,2,2,2,2,2,2,2,2,2,2,2,4,4,4,4,4,4,4,4,4,4,4,4,6,6,6,6,5.99126,5.99044,5.99044,5.99126,6,6,6,6,8,8,8,8,7.99945,7.91664,7.9115,7.91664,7.99945,8,8,8,10,10,10,10.0002,9.92981,9.91707,9.91707,9.92981,10.0002,10,10,10,12,12,12,12,11.9954,11.7814,11.7661,11.7814,11.9954,12,12,12,14,14,14,14.005,13.8849,13.8207,13.8207,13.8849,14.005,14,14,14,16,16,16,16,15.9758,15.6693,15.6981,15.6693,15.9758,16,16,16,18,18,17.9998,18.0248,17.8757,17.7931,17.7931,17.8757,18.0248,17.9998,18,18,20,20,20,20,19.9149,19.6839,19.6837,19.6839,19.9149,20,20,20,22,22,21.9973,22.0633,21.8634,21.8301,21.8301,21.8634,22.0633,21.9973,22,22,6.40234,6.40234,6.36683,8.45569,8.45569,8.3973,10.4585,10.4585,10.4108,12.4395,12.4395,12.4059,
17,0,0,0,0,0,0,0,0,0,0,0,0,2,2,2,2,2,2,2,2,2,2,2,2,4,4,4,4,3.99978,3.98531,3.98236,3.98531,3.99978,4,4,4,6,6,6,6.00002,5.95755,5.95874,5.95874,5.95755,6.00002,6,6,6,8,8,8,8,7.99611,7.86219,7.84107,7.86219,7.99611,8,8,8,10,10,10,10.0016,9.88516,9.88234,9.88234,9.88516,10.0016,10,10,10,12,12,12,12,11.984,11.7286,11.6999,11.7286,11.984,12,12,12,14,14,14,14.0144,13.8754,13.7824,13.7824,13.8754,14.0144,14,14,14,16,16,16,16.0001,15.9506,15.6549,15.7014,15.6549,15.9506,16.0001,16,16,18,18,17.999,18.0446,17.8688,17.7791,17.7791,17.8688,18.0446,17.999,18,18,20,20,20,20.0001,19.8758,19.6823,19.6806,19.6823,19.8758,20.0001,20,20,22,22,21.9932,22.0912,21.8615,21.8311,21.8311,21.8615,22.0912,21.9932,22,22,4.44566,4.44566,4.39684,6.52853,6.52853,6.45491,8.55428,8.55428,8.46257,10.5607,10.5607,10.5105,
18,0,0,0,0,0,0,0,0,0,0,0,0,2,2,2,2,1.99001,1.99351,1.99351,1.99001,2,2,2,2,4,4,4,4,3.99754,3.93049,3.91414,3.93049,3.99754,4,4,4,6,6,6,6.00031,5.90932,5.9311,5.9311,5.90932,6.00031,6,6,6,8,8,8,8.00002,7.98387,7.81661,7.7704,7.81661,7.98387,8.00002,8,8,10,10,9.99999,10.0069,9.83934,9.83762,9.83762,9.83934,10.0069,9.99999,10,10,12,12,12,12.0002,11.9708,11.7009,11.6943,11.7009,11.9708,12.0002,12,12,14,14,13.9997,14.032,13.8679,13.7319,13.7319,13.8679,14.032,13.9997,14,14,16,16,16,16.0004,15.9172,15.65,15.71,15.65,15.9172,16.0004,16,16,18,18,17.997,18.0701,17.8644,17.7633,17.7633,17.8644,18.0701,17.997,18,18,20,20,20,20.001,19.8354,19.6824,19.6774,19.6824,19.8354,20.001,20,20,22,22.0002,21.9857,22.1233,21.8601,21.8321,21.8321,21.8601,22.1233,21.9857,22.0002,22,2.50094,2.50094,2.44393,4.6108,4.6108,4.49269,6.65266,6.65266,6.54149,8.70203,8.70203,8.57749,
19,-3.22234e-53,4.82394e-35,-7.47155e-21,1.71026e-10,-0.000830525,-0.00963069,-0.0152114,-0.00963069,-0.000830525,1.71026e-10,-7.47155e-21,4.82399e-35,2,2,2,2.00002,1.94642,1.96735,1.96735,1.94642,2.00002,2,2,2,4,4,4,4.00001,3.98845,3.88893,3.84356,3.88893,3.98845,4.00001,4,4,6,6,6,6.00213,5.84914,5.90006,5.90006,5.84914,6.00213,6,6,6,8,8,8,8.00019,7.95736,7.78026,7.70081,7.78026,7.95736,8.00019,8,8,10,10,9.99993,10.0212,9.82445,9.79109,9.79109,9.82445,10.0212,9.99993,10,10,12,12,12,12.0007,11.9472,11.6869,11.6902,11.6869,11.9472,12.0007,12,12,14,14,13.9987,14.0597,13.8612,13.6734,13.6734,13.8612,14.0597,13.9987,14,14,16,16,16,16.001,15.8783,15.6493,15.7261,15.6493,15.8783,16.001,16,16,18,18.0001,17.9922,18.0969,17.8588,17.7471,17.7471,17.8588,18.0969,17.9922,18.0001,18,20,20,20,20.0069,19.7979,19.6831,19.674,19.6831,19.7979,20.0069,20,20,22,22.0007,21.9738,22.1596,21.8587,21.8331,21.8331,21.8587,22.1596,21.9738,22.0007,22,0.554436,0.554436,0.473901,2.69156,2.69156,2.55567,4.78019,4.78019,4.59037,6.839,6.839,6.68694,
20,-8.32608e-35,1.38922e-22,-2.83872e-13,9.60241e-07,-0.00695757,-0.0511023,-0.083157,-0.0511023,-0.00695757,9.60241e-07,-2.83872e-13,1.38921e-22,2,2,2,2.00037,1.88641,1.94362,1.94362,1.88641,2.00037,2,2,2,4,4,4,4.00009,3.96821,3.85357,3.77132,3.85357,3.96821,4.00009,4,4,6,6,5.99999,6.00894,5.78524,5.85902,5.85902,5.78524,6.00894,5.99999,6,6,8,8,8,8.00103,7.93085,7.76563,7.68833,7.76563,7.93085,8.00103,8,8,10,10,9.99953,10.0504,9.80868,9.73631,9.73631,9.80868,10.0504,9.99953,10,10,12,12,12,12.0019,11.9144,11.68,11.6865,11.68,11.9144,12.0019,12,12,14,14,13.9955,14.0961,13.8543,13.6134,13.6134,13.8543,14.0961,13.9955,14,14,16,16,16,16.0038,15.8372,15.6464,15.7516,15.6464,15.8372,16.0038,16,16,18,18.0002,17.9832,18.1207,17.8477,17.7309,17.7309,17.8477,18.1207,17.9832,18.0002,18,20,20,19.9996,20.0214,19.7663,19.6838,19.6704,19.6838,19.7663,20.0214,19.9996,20,22,22.002,21.9576,22.1997,21.8574,21.834,21.834,21.8574,22.1997,21.9576,22.002,22,-1.40135,-1.40135,-1.48566,0.798932,0.798932,0.596811,2.89612,2.89612,2.67413,5.00888,5.00888,4.74955,
21,-2.65969e-27,1.2896e-17,-2.41811e-10,2.57487e-05,-0.0213505,-0.0831302,-0.153259,-0.0831302,-0.0213505,2.57487e-05,-2.41811e-10,1.28955e-17,2,2,2,2.00237,1.8202,1.91611,1.91611,1.8202,2.00237,2,2,2,4,4,4,4.00061,3.931,3.8265,3.69644,3.8265,3.931,4.00061,4,4,6,6,5.99991,6.02779,5.75209,5.81781,5.81781,5.75209,6.02779,5.99991,6,6,8,8,7.99999,8.00356,7.8912,7.76334,7.6714,7.76334,7.8912,8.00356,7.99999,8,10,10,9.99778,10.0988,9.78674,9.68048,9.68048,9.78674,10.0988,9.99778,10,10,12,12,12,12.0043,11.8748,11.6698,11.6838,11.6698,11.8748,12.0043,12,12,14,14.0001,13.9878,14.1357,13.8458,13.5579,13.5579,13.8458,14.1357,13.9878,14.0001,14,16,16,16,16.0146,15.7969,15.6383,15.7874,15.6383,15.7969,16.0146,16,16,18,18.0009,17.9692,18.1395,17.8285,17.7147,17.7147,17.8285,18.1395,17.9692,18.0009,18,20,20,19.9963,20.0456,19.7428,19.6847,19.6665,19.6847,19.7428,20.0456,19.9963,20,22,22.0047,21.9399,22.2428,21.856,21.835,21.835,21.856,22.2428,21.9399,22.0047,22,-3.39278,-3.39278,-3.50148,-1.11389,-1.11389,-1.33963,1.0493,1.0493,0.723511,3.17036,3.17036,2.86266,
22,-1.57363e-22,1.96009e-14,-1.95288e-08,0.000223416,-0.0412598,-0.11371,-0.225485,-0.11371,-0.0412598,0.000223416,-1.95288e-08,1.95981e-14,2,2,1.99999,2.00906,1.7541,1.88036,1.88036,1.7541,2.00906,1.99999,2,2,4,4,4,4.00275,3.88328,3.82127,3.67434,3.82127,3.88328,4.00275,4,4,6,6,5.99938,6.06596,5.71829,5.77432,5.77432,5.71829,6.06596,5.99938,6,6,8,8,7.99996,8.00915,7.83994,7.76732,7.64305,7.76732,7.83994,8.00915,7.99996,8,10,10,9.99196,10.1656,9.75705,9.62645,9.62645,9.75705,10.1656,9.99196,10,10,12,12,11.9999,12.0116,11.8312,11.6499,11.683,11.6499,11.8312,12.0116,11.9999,12,14,14.0004,13.9726,14.1739,13.8325,13.5111,13.5111,13.8325,14.1739,13.9726,14.0004,14,16,16,15.9993,16.0373,15.7607,15.6254,15.8329,15.6254,15.7607,16.0373,15.9993,16,18,18.0025,17.9505,18.1535,17.8009,17.6985,17.6985,17.8009,18.1535,17.9505,18.0025,18,20,20,19.9877,20.0789,19.7276,19.6857,19.6626,19.6857,19.7276,20.0789,19.9877,20,21.9998,22.0094,21.9243,22.2872,21.8546,21.836,21.836,21.8546,22.2872,21.9243,22.0094,21.9998,-5.38458,-5.38458,-5.51824,-3.05511,-3.05511,-3.33736,-0.812268,-0.812268,-1.18931,1.36274,1.36274,0.923889,
23,-4.7149e-19,4.03952e-12,-4.75388e-07,0.00110431,-0.072881,-0.141547,-0.303503,-0.141547,-0.072881,0.00110431,-4.75387e-07,4.03778e-12,2,2,1.99992,2.02216,1.70217,1.8525,1.8525,1.70217,2.02216,1.99992,2,2,4,4,3.99998,4.00876,3.82257,3.82874,3.64434,3.82874,3.82257,4.00876,3.99998,4,6,6,5.99709,6.12734,5.6733,5.73082,5.73082,5.6733,6.12734,5.99709,6,6,8,8,7.99981,8.01902,7.78148,7.77487,7.60044,7.77487,7.78148,8.01902,7.99981,8,10,10.0002,9.97692,10.2433,9.72104,9.57599,9.57599,9.72104,10.2433,9.97692,10.0002,10,12,12,11.9997,12.0324,11.7862,11.6163,11.6854,11.6163,11.7862,12.0324,11.9997,12,14,14.0015,13.9475,14.2085,13.8122,13.4765,13.4765,13.8122,14.2085,13.9475,14.0015,14,16,16,15.9949,16.0734,15.7312,15.6092,15.8851,15.6092,15.7312,16.0734,15.9949,16,17.9999,18.0059,17.9306,18.1634,17.7662,17.6824,17.6824,17.7662,18.1634,17.9305,18.0059,17.9999,20,20,19.9729,20.1194,19.7196,19.6866,19.6586,19.6866,19.7196,20.1194,19.9729,20,21.9995,22.0165,21.9127,22.3317,21.8532,21.8369,21.8369,21.8532,22.3317,21.9127,22.0165,21.9995,-7.37638,-7.37638,-7.53499,-4.99708,-4.99708,-5.3375,-2.69325,-2.69325,-3.16813,-0.448897,-0.448897,-0.961727,
24,-2.4499e-16,2.58743e-10,-5.77825e-06,0.00392654,-0.124104,-0.151925,-0.336331,-0.151925,-0.124104,0.00392654,-5.77824e-06,2.5848e-10,2,2,1.99955,2.04313,1.65389,1.82681,1.82681,1.65389,2.04313,1.99955,2,2,4,4,3.99985,4.02128,3.75446,3.84657,3.5945,3.84657,3.75446,4.02128,3.99985,4,6,6.00003,5.98958,6.21338,5.61545,5.68731,5.68731,5.61545,6.21338,5.98958,6.00003,6,8,8,7.99932,8.03489,7.71912,7.78356,7.54214,7.78356,7.71912,8.03489,7.99932,8,10,10.0008,9.94589,10.3243,9.68233,9.53223,9.53223,9.68233,10.3243,9.94589,10.0008,10,12,12,11.9969,12.0744,11.7407,11.5675,11.6916,11.5675,11.7407,12.0744,11.9969,12,14,14.0047,13.9136,14.2397,13.7841,13.4553,13.4553,13.7841,14.2397,13.9136,14.0047,14,16,16,15.9842,16.1222,15.7094,15.5921,15.9389,15.5921,15.7094,16.1222,15.9842,16,17.9998,18.012,17.9125,18.1709,17.7272,17.6662,17.6662,17.7272,18.1709,17.9125,18.012,17.9998,20,20,19.9521,20.164,19.7161,19.6872,19.6546,19.6872,19.7161,20.164,19.9521,20,21.9987,22.0257,21.9053,22.3762,21.8518,21.8379,21.8379,21.8518,22.3762,21.9053,22.0257,21.9987,-9.36818,-9.36818,-9.55175,-6.93906,-6.93906,-7.33763,-4.57569,-4.57569,-5.15203,-2.27259,-2.27259,-2.91284,
25,-3.97757e-14,7.59348e-09,-4.38642e-05,0.0109146,-0.197635,-0.149191,-0.377433,-0.149191,-0.197635,0.0109146,-4.38639e-05,7.57744e-09,2,2,1.99817,2.07306,1.59819,1.80112,1.80112,1.59819,2.07306,1.99817,2,2,4,4,3.99934,4.04203,3.68387,3.87637,3.52074,3.87637,3.68387,4.04203,3.99934,4,6,6.00021,5.97029,6.31879,5.54921,5.64381,5.64381,5.54921,6.31879,5.97029,6.00021,6,8,8.00001,7.99744,8.0643,7.65444,7.78828,7.46973,7.78828,7.65444,8.0643,7.99744,8.00001,9.99999,10.0033,9.89366,10.4023,9.64449,9.49949,9.49949,9.64449,10.4023,9.89366,10.0033,9.99999,12,12,11.9862,12.1419,11.6951,11.5067,11.7002,11.5067,11.6951,12.1419,11.9862,12,13.9999,14.0119,13.8756,14.2678,13.7489,13.4448,13.4448,13.7489,14.2678,13.8756,14.0119,13.9999,16,16.0001,15.9662,16.1814,15.6953,15.5744,15.9928,15.5744,15.6953,16.1814,15.9662,16.0001,17.9993,18.0213,17.8984,18.1777,17.6873,17.65,17.65,17.6873,18.1777,17.8984,18.0213,17.9993,20,20.0001,19.9268,20.2095,19.7139,19.6875,19.6506,19.6875,19.7139,20.2095,19.9268,20.0001,21.9974,22.0365,21.9014,22.4207,21.8505,21.8389,21.8389,21.8505,22.4207,21.9014,22.0365,21.9974,-11.36,-11.36,-11.5685,-8.88104,-8.88104,-9.33777,-6.45812,-6.45812,-7.13593,-4.09938,-4.09938,-4.87597,
26,-2.77725e-12,1.25498e-07,-0.000231936,0.0246659,-0.294955,-0.132972,-0.445505,-0.132972,-0.294955,0.0246659,-0.000231931,1.24992e-07,2,2.00002,1.99408,2.11214,1.53427,1.77542,1.77542,1.53427,2.11214,1.99408,2.00002,2,4,4.00001,3.9978,4.07092,3.61338,3.91848,3.42225,3.91848,3.61338,4.07092,3.9978,4.00001,6,6.00108,5.93066,6.43471,5.48344,5.60035,5.60035,5.48344,6.43471,5.93066,6.00108,6,8,8.00005,7.98781,8.11629,7.5888,7.78212,7.38847,7.78212,7.5888,8.11628,7.98782,8.00005,9.99994,10.0104,9.823,10.4748,9.60708,9.48192,9.48192,9.60708,10.4748,9.82299,10.0104,9.99994,12,12.0002,11.9634,12.2364,11.6496,11.4413,11.7091,11.4413,11.6496,12.2364,11.9634,12.0002,13.9995,14.0252,13.8381,14.2929,13.7084,13.4388,13.4388,13.7084,14.2929,13.8381,14.0252,13.9995,16,16.0003,15.9414,16.2465,15.6885,15.5546,16.0467,15.5546,15.6885,16.2465,15.9414,16.0002,17.9982,18.0327,17.8885,18.1856,17.6475,17.6338,17.6338,17.6475,18.1856,17.8885,18.0327,17.9982,20,20.0011,19.899,20.2553,19.7117,19.6875,19.6466,19.6875,19.7117,20.2553,19.899,20.001,21.9954,22.0483,21.8996,22.4653,21.8491,21.8398,21.8398,21.8491,22.4653,21.8996,22.0483,21.9954,-13.3518,-13.3518,-13.5853,-10.823,-10.823,-11.3379,-8.34056,-8.34056,-9.11983,-5.92617,-5.92617,-6.83911,
27,-1.00928e-10,1.31973e-06,-0.000912033,0.0469107,-0.414313,-0.0995121,-0.548059,-0.0995121,-0.414313,0.0469106,-0.000911974,1.31015e-06,2,2.00011,1.98413,2.16145,1.46473,1.74973,1.74973,1.46473,2.16145,1.98413,2.00011,2,4,4.00003,3.99364,4.10613,3.54261,3.96821,3.30431,3.96821,3.54261,4.10613,3.99364,4.00003,5.99999,6.0042,5.86451,6.54923,5.42662,5.55926,5.55926,5.42662,6.54923,5.86451,6.0042,5.99999,8,8.00029,7.96137,8.19922,7.52314,7.75904,7.30531,7.75904,7.52314,8.19921,7.96143,8.00028,9.99969,10.0266,9.74182,10.5398,9.57036,9.47841,9.47841,9.57036,10.5398,9.74179,10.0266,9.99969,12,12.0008,11.9265,12.3552,11.6044,11.3785,11.718,11.3785,11.6044,12.3551,11.9267,12.0007,13.9983,14.0458,13.8048,14.3162,13.6659,13.433,13.433,13.6659,14.3161,13.8047,14.0458,13.9983,16,16.001,15.9113,16.3089,15.6863,15.5307,16.1005,15.5307,15.6863,16.3089,15.9114,16.0008,17.9963,18.0436,17.8821,18.1995,17.6092,17.6176,17.6176,17.6092,18.1995,17.8821,18.0437,17.9963,19.9997,20.005,19.8707,20.3028,19.7083,19.6871,19.6427,19.6871,19.7083,20.3028,19.8708,20.0049,21.9933,22.0606,21.8982,22.5098,21.8477,21.8408,21.8408,21.8477,22.5098,21.8982,22.0606,21.993,-15.3436,-15.3436,-15.602,-12.765,-12.765,-13.338,-10.223,-10.223,-11.1037,-7.75297,-7.75297,-8.80225,
28,-2.16607e-09,9.58433e-06,-0.00279341,0.0774064,-0.549825,-0.0471346,-0.688448,-0.0471346,-0.549824,0.0774059,-0.00279286,9.46363e-06,2,2.00054,1.96359,2.22349,1.39326,1.72409,1.72409,1.39326,2.22349,1.96359,2.00054,2,4,4.00017,3.97989,4.14535,3.46935,4.01427,3.17879,4.01427,3.46935,4.14534,3.97992,4.00016,5.99992,6.013,5.77566,6.65463,5.37835,5.52722,5.52722,5.37835,6.65463,5.77564,6.013,5.99992,8,8.00131,7.91035,8.3184,7.45748,7.71804,7.22214,7.71804,7.45748,8.31832,7.91058,8.00122,9.99873,10.0565,9.65899,10.5961,9.53514,9.48172,9.48172,9.53514,10.5961,9.65891,10.0565,9.99873,12,12.0022,11.8763,12.4877,11.5624,11.3221,11.7268,11.3221,11.5624,12.4875,11.8767,12.0019,13.9957,14.0709,13.7769,14.3433,13.6234,13.4272,13.4272,13.6234,14.3433,13.7769,14.0713,13.9957,16,16.0053,15.8781,16.362,15.6861,15.501,16.1535,15.501,15.6862,16.362,15.8783,16.0046,17.9936,18.0525,17.8771,18.2241,17.5736,17.6019,17.6019,17.5736,18.2241,17.8771,18.0525,17.9935,19.9993,20.0126,19.8433,20.3538,19.7014,19.6865,19.6387,19.6865,19.7014,20.3538,19.8434,20.0125,21.9912,22.0729,21.8968,22.5543,21.8463,21.8418,21.8418,21.8463,22.5543,21.8968,22.0729,21.9905,-17.3354,-17.3354,-17.6188,-14.707,-14.707,-15.3382,-12.1054,-12.1054,-13.0876,-9.57976,-9.57976,-10.7654,
29,-3.00385e-08,5.09806e-05,-0.00690755,0.113657,-0.691922,0.0210891,-0.86053,0.0210891,-0.691922,0.113654,-0.00690371,4.98997e-05,1.99999,2.0021,1.92723,2.29857,1.32067,1.70009,1.70009,1.32067,2.29857,1.92723,2.0021,1.99999,4,4.00074,3.94701,4.18991,3.39036,4.0476,3.05303,4.0476,3.39037,4.18987,3.94715,4.00071,5.99961,6.03244,5.67519,6.74441,5.33487,5.5115,5.5115,5.33487,6.74442,5.67513,6.03244,5.99961,7.99998,8.00431,7.83056,8.47276,7.39182,7.66103,7.13898,7.66103,7.39182,8.4725,7.8314,8.00387,9.99595,10.102,9.58269,10.6449,9.50131,9.48381,9.48381,9.50131,10.6448,9.58252,10.1026,9.99594,12,12.0059,11.815,12.6159,11.5277,11.2743,11.7357,11.2743,11.5277,12.6157,11.8162,12.0044,13.9907,14.0967,13.7543,14.3845,13.581,13.4212,13.4212,13.581,14.3844,13.7543,14.0973,13.9907,15.9995,16.0161,15.8443,16.4065,15.6856,15.4651,16.2014,15.4651,15.6856,16.4064,15.8448,16.0149,17.9906,18.0589,17.8698,18.2621,17.54,17.5887,17.5887,17.54,18.2621,17.8698,18.0588,17.9901,19.9989,20.0232,19.8187,20.4106,19.689,19.6858,19.6347,19.6858,19.689,20.4106,19.8188,20.0232,21.9891,22.0852,21.8954,22.5988,21.845,21.8427,21.8427,21.845,22.5988,21.8954,22.0852,21.988,-19.3272,-19.3272,-19.6355,-16.6489,-16.6489,-17.3383,-13.9879,-13.9879,-15.0715,-11.4066,-11.4066,-12.7285,
30,-2.878e-07,0.000207929,-0.0148189,0.153319,-0.834417,0.0961716,-1.04636,0.0961716,-0.834416,0.153305,-0.0147883,0.000200678,1.99996,2.00673,1.87183,2.38379,1.24275,1.6815,1.6815,1.24275,2.3838,1.87182,2.00672,1.99996,3.99999,4.0027,3.88742,4.24264,3.30619,4.06366,2.92726,4.06366,3.30619,4.24248,3.88798,4.00248,5.99847,6.06621,5.57743,6.81486,5.2912,5.51855,5.51855,5.2912,6.81485,5.57725,6.06596,5.99847,7.99991,8.01101,7.72404,8.6528,7.32592,7.59123,7.05581,7.59123,7.32592,8.65217,7.72677,8.00935,9.98954,10.1575,9.51752,10.6913,9.46804,9.47779,9.47779,9.46804,10.6911,9.51723,10.1602,9.98951,11.9997,12.0175,11.7465,12.7239,11.5035,11.2365,11.7446,11.2365,11.5035,12.7238,11.749,12.0125,13.9833,14.1195,13.7356,14.4481,13.5396,13.4143,13.4143,13.5396,14.448,13.7357,14.12,13.9831,15.9988,16.0344,15.8105,16.4477,15.6794,15.4237,16.2403,15.4237,15.6795,16.4476,15.8112,16.0331,17.9877,18.0638,17.8579,18.3141,17.5066,17.5799,17.5799,17.5066,18.3141,17.858,18.0635,17.9865,19.9985,20.0354,19.7987,20.4745,19.6693,19.6851,19.6307,19.6851,19.6694,20.4745,19.7988,20.0356,21.987,22.0975,21.894,22.6433,21.8436,21.8437,21.8437,21.8436,22.6433,21.8941,22.0975,21.9856,-21.319,-21.319,-21.6523,-18.5909,-18.5909,-19.3385,-15.8703,-15.8703,-17.0554,-13.2333,-13.2333,-14.6917,
31,-2.01714e-06,0.0006942,-0.0319437,0.196374,-0.976912,0.16924,-1.23283,0.16924,-0.97691,0.196321,-0.0317857,0.000654677,1.99981,2.0162,1.80098,2.47275,1.15538,1.6747,1.6747,1.15538,2.47276,1.80091,2.01601,1.99981,3.99994,4.00783,3.79949,4.30409,3.22041,4.05942,2.8015,4.05942,3.22041,4.30358,3.80151,4.00686,5.99531,6.11151,5.49341,6.87045,5.24181,5.55322,5.55322,5.24181,6.87039,5.493,6.1101,5.99532,7.99967,8.02277,7.59939,8.84257,7.25753,7.51448,6.97264,7.51448,7.25754,8.84151,7.60679,8.01791,9.97791,10.2138,9.4674,10.7385,9.43455,9.4583,9.4583,9.43455,10.7383,9.46708,10.22,9.97777,11.998,12.0428,11.6756,12.8053,11.4909,11.2102,11.7534,11.2102,11.4909,12.8051,11.6802,12.0319,13.9752,14.1379,13.7181,14.5359,13.4996,13.406,13.406,13.4996,14.5356,13.7184,14.1373,13.9735,15.9981,16.0594,15.7766,16.4944,15.6611,15.3792,16.2686,15.3792,15.6612,16.4942,15.7777,16.0589,17.9848,18.0686,17.8406,18.3783,17.4731,17.5765,17.5765,17.4731,18.3783,17.8407,18.068,17.983,19.9981,20.0478,19.784,20.5457,19.6428,19.6844,19.6268,19.6844,19.6428,20.5457,19.7842,20.0483,21.985,22.1098,21.8926,22.6879,21.8422,21.8447,21.8447,21.8422,22.6879,21.8927,22.1098,21.9831,-23.3108,-23.3108,-23.6691,-20.5329,-20.5329,-21.3386,-17.7527,-17.7527,-19.0393,-15.0601,-15.0601,-16.6548,
32,-1.0989e-05,0.00200978,-0.0648052,0.242341,-1.11941,0.232802,-1.41929,0.232802,-1.1194,0.242174,-0.0642445,0.00182642,1.99927,2.02894,1.72271,2.55656,1.05553,1.68989,1.68989,1.05553,2.55656,1.72249,2.02808,1.99927,3.99977,4.01832,3.69054,4.3732,3.13461,4.03403,2.67574,4.03403,3.13461,4.37214,3.69638,4.01504,5.98848,6.1618,5.42772,6.92246,5.18448,5.61485,5.61485,5.18448,6.92231,5.4269,6.15813,5.98854,7.99867,8.04024,7.46829,9.01994,7.18373,7.43995,6.88948,7.43995,7.18373,9.01847,7.48515,8.02795,9.96129,10.2618,9.43173,10.7944,9.40069,9.42165,9.42165,9.40069,10.7948,9.43164,10.272,9.96056,11.9946,12.0851,11.6053,12.8605,11.4882,11.1974,11.7623,11.1974,11.4882,12.8604,11.6115,12.0674,13.9679,14.1527,13.7007,14.6329,13.4609,13.3964,13.3964,13.4609,14.6326,13.7011,14.1493,13.9634,15.9973,16.0887,15.7427,16.5575,15.634,15.3339,16.2869,15.334,15.6343,16.5572,15.7441,16.0905,17.9818,18.0734,17.8182,18.4476,17.4397,17.5782,17.5782,17.4397,18.4475,17.8182,18.0725,17.9794,19.9977,20.0602,19.7738,20.623,19.6157,19.6837,19.6228,19.6837,19.6158,20.6228,19.7742,20.061,21.9829,22.1221,21.8913,22.7324,21.8408,21.8457,21.8457,21.8408,22.7324,21.8913,22.1221,21.9806,-25.3026,-25.3026,-25.6858,-22.4749,-22.4749,-23.3387,-19.6352,-19.6352,-21.0232,-16.8869,-16.8869,-18.6179,
33,-4.84284e-05,0.00506201,-0.118038,0.289976,-1.2619,0.27986,-1.60576,0.27986,-1.2619,0.289521,-0.116367,0.00435175,1.99781,2.04273,1.64632,2.62685,0.942616,1.73353,1.73353,0.942616,2.6268,1.64583,2.04009,1.99785,3.99922,4.03555,3.56989,4.44572,3.04991,3.98977,2.54997,3.98977,3.04992,4.44409,3.58396,4.02669,5.97671,6.20764,5.38265,6.97446,5.12486,5.6842,5.6842,5.12471,6.97421,5.38119,6.20311,5.97688,7.99413,8.0653,7.34243,9.16929,7.10566,7.3853,6.80631,7.3853,7.10566,9.16758,7.37371,8.03805,9.94419,10.296,9.40339,10.8636,9.36831,9.36724,9.36724,9.36823,10.8675,9.40404,10.3097,9.93994,11.9907,12.1452,11.5384,12.8953,11.4946,11.1987,11.7712,11.1987,11.4946,12.8951,11.5431,12.1209,13.9607,14.1663,13.6833,14.7218,13.4231,13.3859,13.3859,13.4231,14.7213,13.6838,14.1588,13.9532,15.9965,16.1191,15.7072,16.6444,15.6077,15.2886,16.2976,15.2887,15.6082,16.6429,15.71,16.1246,17.9789,18.0782,17.7918,18.5132,17.4062,17.5836,17.5836,17.4062,18.513,17.7918,18.0771,17.9758,19.9973,20.0726,19.7656,20.7042,19.5979,19.683,19.6188,19.683,19.5979,20.7037,19.7664,20.0737,21.9808,22.1344,21.8899,22.7769,21.8395,21.8466,21.8466,21.8395,22.7769,21.8899,22.1344,21.9781,-27.2944,-27.2944,-27.7026,-24.4168,-24.4168,-25.3389,-21.5176,-21.5176,-23.0071,-18.7137,-18.7137,-20.5811,
34,-0.000174739,0.0109894,-0.193602,0.337569,-1.4044,0.305559,-1.79223,0.305559,-1.40439,0.336759,-0.189461,0.00872668,1.99473,2.05545,1.5757,2.68129,0.820028,1.79871,1.79871,0.820001,2.68111,1.57645,2.04872,1.99491,3.99792,4.05895,3.44905,4.5117,2.97496,3.93172,2.42421,3.93172,2.97497,4.50955,3.47651,4.03952,5.96014,6.24197,5.3545,7.02644,5.07645,5.73335,5.73335,5.07596,7.0261,5.35408,6.24026,5.96036,7.98397,8.09964,7.22721,9.28319,7.02851,7.36501,6.72315,7.36501,7.02852,9.28178,7.27564,8.04826,9.93126,10.3161,9.3772,10.9435,9.3392,9.3002,9.3002,9.33902,10.9541,9.37869,10.3316,9.91874,11.9866,12.2202,11.4767,12.924,11.5056,11.2122,11.7801,11.2122,11.5054,12.9235,11.4766,12.1905,13.9535,14.18,13.6659,14.7935,13.3857,13.3749,13.3749,13.3857,14.7928,13.6666,14.1681,13.943,15.9957,16.1496,15.6668,16.7515,15.5928,15.2434,16.3046,15.2434,15.5936,16.7472,15.6726,16.1579,17.976,18.083,17.7644,18.57,17.3728,17.5908,17.5908,17.3728,18.5694,17.7646,18.0827,17.9723,19.9969,20.085,19.7566,20.7885,19.5952,19.6823,19.6148,19.6823,19.5952,20.7875,19.7579,20.0864,21.9787,22.1467,21.8886,22.8214,21.8381,21.8476,21.8476,21.8381,22.8214,21.8886,22.1467,21.9756,-29.2862,-29.2862,-29.7193,-26.3588,-26.3588,-27.339,-23.4001,-23.4001,-24.991,-20.5405,-20.5405,-22.5442,
35,-0.000517293,0.0206167,-0.291225,0.381849,-1.54689,0.307877,-1.9787,0.307877,-1.54689,0.380811,-0.28192,0.014648,1.98942,2.066,1.50924,2.72104,0.697397,1.8702,1.8702,0.697217,2.72064,1.51584,2.0509,1.99,3.99416,4.0858,3.34127,4.56278,2.91793,3.86807,2.29844,3.86807,2.91794,4.56021,3.38347,4.05236,5.94191,6.26375,5.32843,7.07854,5.04886,5.74626,5.74624,5.04785,7.07812,5.33603,6.26912,5.94057,7.96877,8.14442,7.12787,9.36135,6.95423,7.38148,6.63998,7.38148,6.95423,9.36139,7.19149,8.05899,9.92271,10.3273,9.35158,11.0293,9.31167,9.23222,9.23222,9.31141,11.049,9.35394,10.342,9.89754,11.9825,12.3025,11.4211,12.9604,11.5172,11.2312,11.7889,11.2313,11.5156,12.9599,11.4137,12.2693,13.9463,14.1953,13.6484,14.8483,13.3484,13.3627,13.3627,13.3484,14.8486,13.6493,14.1798,13.9328,15.995,16.18,15.621,16.8582,15.5972,15.1993,16.3113,15.1994,15.5985,16.85,15.6299,16.1887,17.9731,18.0878,17.7461,18.6176,17.3393,17.5982,17.5982,17.3393,18.6161,17.7468,18.0908,17.9687,19.9965,20.0975,19.7448,20.8735,19.6086,19.6816,19.6108,19.6816,19.6087,20.8719,19.7466,20.0991,21.9766,22.159,21.8899,22.8659,21.8367,21.8486,21.8486,21.8367,22.8659,21.89,22.159,21.9732,-31.278,-31.278,-31.7361,-28.3008,-28.3008,-29.3391,-25.2825,-25.2825,-26.9749,-22.3673,-22.3673,-24.5073,
36,-0.00126229,0.0338344,-0.40728,0.420334,-1.68939,0.287483,-2.16517,0.287484,-1.68938,0.419217,-0.388273,0.0209268,1.9817,2.07418,1.4449,2.74787,0.580185,1.93606,1.93606,0.579734,2.74713,1.46311,2.0446,1.98314,3.98516,4.11388,3.25151,4.5941,2.88062,3.80925,2.17268,3.80925,2.88062,4.59127,3.30673,4.0652,5.92717,6.27518,5.29313,7.13225,5.04392,5.72303,5.723,5.04235,7.13179,5.31713,6.29143,5.91988,7.95137,8.19816,7.04895,9.4083,6.882,7.42338,6.55681,7.42338,6.88195,9.4119,7.12432,8.07006,9.9162,10.3363,9.32596,11.1156,9.28241,9.17586,9.17586,9.28205,11.1457,9.3292,10.3477,9.87634,11.9784,12.3807,11.3716,13.0138,11.5268,11.2507,11.7978,11.2507,11.5214,13.0142,11.3549,12.3442,13.9391,14.2169,13.6293,14.8903,13.311,13.3472,13.3473,13.311,14.8932,13.6308,14.2001,13.9226,15.9942,16.2104,15.5755,16.9464,15.6188,15.1585,16.3179,15.1585,15.6206,16.9339,15.5862,16.2166,17.9702,18.0926,17.7459,18.6596,17.3056,17.606,17.606,17.3056,18.6561,17.7478,18.1018,17.9651,19.9961,20.1099,19.7306,20.9536,19.6362,19.6809,19.6069,19.6809,19.6362,20.9514,19.7328,20.1118,21.9745,22.1713,21.8986,22.9105,21.8353,21.8495,21.8495,21.8353,22.9105,21.8989,22.1713,21.9707,-33.2698,-33.2698,-33.7528,-30.2428,-30.2428,-31.3393,-27.1663,-27.1663,-28.9588,-24.1941,-24.1941,-26.4677,
37,-0.00266713,0.0492234,-0.534971,0.451274,-1.83188,0.246973,-2.35164,0.246975,-1.83188,0.450404,-0.501499,0.0272056,1.97216,2.08201,1.38046,2.76371,0.46695,1.98358,1.98358,0.466164,2.76258,1.41581,2.03098,1.97495,3.97008,4.1426,3.17769,4.60408,2.86131,3.76873,2.04692,3.76873,2.86132,4.60117,3.2434,4.07803,5.9179,6.28078,5.2442,7.19156,5.05244,5.67456,5.67452,5.05052,7.19033,5.29198,6.31123,5.89918,7.93383,8.2576,6.993,9.43044,6.81483,7.47093,6.47365,7.47091,6.81464,9.44075,7.07564,8.08114,9.90983,10.3452,9.30013,11.2012,9.24915,9.14022,9.14022,9.2485,11.2427,9.30427,10.3531,9.85514,11.9744,12.4494,11.3272,13.0828,11.5323,11.2701,11.8067,11.2701,11.5196,13.085,11.2998,12.4055,13.9319,14.2479,13.6068,14.9257,13.2737,13.3273,13.3274,13.2737,14.9323,13.6096,14.2344,13.9124,15.9934,16.2409,15.5399,17.0067,15.6492,15.1221,16.3245,15.122,15.6513,16.9908,15.5503,16.2417,17.9673,18.0974,17.7668,18.7021,17.2706,17.615,17.615,17.2706,18.6952,17.771,18.1156,17.9616,19.9957,20.1224,19.7169,21.0239,19.6735,19.6802,19.6029,19.6802,19.6734,21.021,19.7196,20.1245,21.9725,22.1836,21.9179,22.955,21.834,21.8505,21.8505,21.834,22.955,21.9184,22.1836,21.9682,-35.2616,-35.2616,-35.7696,-32.1848,-32.1848,-33.3394,-29.055,-29.055,-30.9427,-26.0209,-26.0209,-28.4183,
38,-0.00611636,0.0652626,-0.666676,0.472917,-1.97438,0.189697,-2.53811,0.189699,-1.97437,0.472866,-0.615637,0.0334844,1.96327,2.09062,1.31407,2.77081,0.354205,2.00413,2.00412,0.353077,2.76928,1.37239,2.01334,1.96621,3.94985,4.17136,3.11862,4.59356,2.85586,3.75454,1.92115,3.75454,2.8559,4.59046,3.18992,4.09087,5.91371,6.28481,5.18177,7.26186,5.05915,5.615,5.61495,5.05714,7.25735,5.25827,6.33093,5.87848,7.9163,8.31863,6.95962,9.43442,6.75792,7.50598,6.39048,7.50595,6.75799,9.45544,7.04657,8.09223,9.90346,10.3542,9.27378,11.2895,9.2119,9.13248,9.13248,9.21065,11.343,9.27843,10.3585,9.83393,11.9703,12.5077,11.2856,13.1555,11.5333,11.2895,11.8156,11.2895,11.5102,13.1605,11.2463,12.4503,13.9247,14.2894,13.5808,14.9627,13.2364,13.3027,13.3027,13.2364,14.9731,13.5857,14.285,13.9022,15.9927,16.2717,15.521,17.0344,15.6812,15.0904,16.3311,15.0904,15.6833,17.0161,15.53,16.265,17.9644,18.1022,17.8052,18.7519,17.2332,17.6264,17.6264,17.2332,18.7402,17.8127,18.1312,17.958,19.9953,20.1354,19.7068,21.0829,19.7153,19.6795,19.5989,19.6795,19.7149,21.0793,19.7105,20.1372,21.9704,22.1959,21.9483,22.9995,21.8326,21.8515,21.8515,21.8326,22.9995,21.9492,22.1959,21.9657,-37.2534,-37.2534,-37.7864,-34.1267,-34.1267,-35.3396,-30.9515,-30.9515,-32.9266,-27.8477,-27.8477,-30.3534,
39,-0.0126807,0.0815353,-0.798609,0.482819,-2.11687,0.118946,-2.72458,0.118949,-2.11686,0.484252,-0.729776,0.0397631,1.95718,2.0993,1.24771,2.77135,0.239074,1.99826,1.99823,0.237629,2.76957,1.33653,1.99481,1.95743,3.92639,4.20013,3.07387,4.56529,2.85945,3.76356,1.79539,3.76358,2.85954,4.56121,3.14324,4.10371,5.9127,6.28882,5.10982,7.34775,5.0487,5.55907,5.55902,5.04681,7.33567,5.21695,6.35064,5.85778,7.89885,8.37965,6.94368,9.42732,6.71761,7.51543,6.30732,7.51539,6.71944,9.46332,7.03624,8.10331,9.89708,10.3632,9.24635,11.3831,9.1725,9.15569,9.15569,9.17034,11.4492,9.24873,10.3638,9.81273,11.9662,12.5569,11.244,13.2169,11.5324,11.3089,11.8244,11.3089,11.4975,13.2254,11.193,12.4794,13.9175,14.3387,13.5528,15.0067,13.1998,13.2738,13.274,13.1992,15.0199,13.5604,14.3516,13.892,15.9931,16.3055,15.5157,17.034,15.7131,15.0623,16.3377,15.0623,15.7152,17.0136,15.526,16.2879,17.9615,18.107,17.8532,18.8125,17.1934,17.641,17.641,17.1933,18.7944,17.8645,18.1473,17.9544,19.9949,20.149,19.7035,21.1323,19.7577,19.6788,19.5949,19.6788,19.7568,21.1278,19.7093,20.1499,21.9683,22.2082,21.9884,23.044,21.8312,21.8524,21.8524,21.8312,23.044,21.9899,22.2082,21.9632,-39.2452,-39.2452,-39.8031,-36.0687,-36.0687,-37.3397,-32.8575,-32.8575,-34.9105,-29.6745,-29.6745,-32.2693,
40,-0.02181,0.0978173,-0.930543,0.47755,-2.25937,0.038038,-2.91104,0.0380368,-2.25936,0.480809,-0.843915,0.0460419,1.95215,2.10797,1.18656,2.76641,0.120854,1.97278,1.97273,0.119174,2.76468,1.31138,1.97627,1.94865,3.90366,4.2289,3.04216,4.5242,2.86795,3.78462,1.66962,3.78466,2.86813,4.51738,3.10369,4.11655,5.9118,6.29283,5.03446,7.45149,5.00903,5.51883,5.51862,5.00771,7.42653,5.17144,6.37034,5.83708,7.88205,8.43906,6.9364,9.41744,6.69857,7.49681,6.22415,7.49675,6.70469,9.47132,7.03927,8.1144,9.89071,10.3738,9.21708,11.4802,9.13284,9.20729,9.20728,9.12972,11.5602,9.21183,10.3692,9.79153,11.9621,12.6008,11.1997,13.2591,11.5243,11.3283,11.8333,11.3283,11.4815,13.2718,11.1393,12.4963,13.9103,14.3861,13.525,15.0613,13.1713,13.2423,13.2424,13.1652,15.0746,13.5356,14.4301,13.8818,16.0009,16.3465,15.5147,17.016,15.7404,15.0342,16.3443,15.0344,15.7425,16.9953,15.5332,16.311,17.9585,18.1117,17.9011,18.8813,17.1576,17.6589,17.6589,17.1573,18.8559,17.9164,18.1634,17.9508,19.9945,20.1633,19.7089,21.1754,19.8001,19.678,19.591,19.678,19.7989,21.1699,19.7179,20.163,21.9662,22.2205,22.0349,23.0885,21.8298,21.8534,21.8534,21.8298,23.0885,22.0369,22.2206,21.9607,-41.237,-41.237,-41.8199,-38.0107,-38.0107,-39.3398,-34.7741,-34.7741,-36.8944,-31.5013,-31.5013,-34.1643,
41,-0.0318564,0.114099,-1.06248,0.454234,-2.40186,-0.0491024,-3.09751,-0.0491122,-2.40185,0.458787,-0.958054,0.0523207,1.94367,2.11664,1.13381,2.75498,0.000866706,1.93432,1.93425,-0.000845666,2.75368,1.29692,1.95774,1.93986,3.8853,4.25767,3.02127,4.47674,2.87937,3.80458,1.54386,3.80464,2.87971,4.46422,3.0736,4.12939,5.91018,6.29684,4.96216,7.56952,4.93503,5.50292,5.50227,4.93531,7.52971,5.12592,6.39004,5.81639,7.86596,8.49146,6.92761,9.41224,6.70169,7.45791,6.14098,7.45785,6.71478,9.4818,7.04701,8.12548,9.88434,10.3902,9.18552,11.5776,9.09317,9.27914,9.27913,9.08909,11.6749,9.16548,10.3741,9.77033,11.958,12.6442,11.1521,13.2851,11.499,11.3477,11.8422,11.3478,11.4545,13.302,11.0868,12.5073,13.9031,14.4211,13.4991,15.1238,13.1599,13.2093,13.2096,13.1422,15.1329,13.5128,14.5147,13.8717,16.0226,16.3992,15.5075,16.9977,15.7565,15.0027,16.3509,15.0033,15.7585,16.98,15.5424,16.3377,17.9556,18.1165,17.9421,18.9524,17.1347,17.6798,17.6798,17.1341,18.9198,17.9607,18.1794,17.9473,19.9941,20.1781,19.7235,21.2162,19.8431,19.6766,19.587,19.6766,19.8414,21.2097,19.736,20.1765,21.9641,22.2329,22.0836,23.133,21.8285,21.8544,21.8544,21.8285,23.133,22.0861,22.2329,21.9583,-43.2288,-43.2288,-43.8366,-39.9527,-39.9527,-41.34,-36.7009,-36.7009,-38.8783,-33.3281,-33.3281,-36.0387,
42,-0.0419211,0.130345,-1.19441,0.413156,-2.54436,-0.138038,-3.28398,-0.13805,-2.54435,0.417615,-1.07219,0.0585995,1.92959,2.12535,1.08924,2.73392,-0.119299,1.88522,1.88516,-0.120972,2.73335,1.28906,1.93921,1.93108,3.87256,4.28569,3.00473,4.43336,2.89379,3.81381,1.4181,3.81389,2.89434,4.40834,3.05617,4.14222,5.90842,6.30085,4.89757,7.68789,4.8314,5.51742,5.51605,4.83508,7.63979,5.08375,6.40975,5.79569,7.85002,8.53012,6.91062,9.42198,6.72308,7.41066,6.05782,7.41059,6.74448,9.49907,7.05032,8.13656,9.87797,10.415,9.15364,11.6724,9.05351,9.35935,9.35933,9.04846,11.7874,9.1094,10.3745,9.74913,11.9539,12.6938,11.0999,13.3011,11.4516,11.3667,11.851,11.3672,11.4109,13.3218,11.0432,12.5177,13.8959,14.438,13.4743,15.1851,13.1708,13.1759,13.1765,13.1353,15.1875,13.4928,14.5998,13.8615,16.0625,16.4671,15.4871,16.9918,15.7565,14.9661,16.3576,14.967,15.7585,16.9796,15.5445,16.3732,17.9527,18.1205,17.978,19.0202,17.1314,17.7028,17.7028,17.1303,18.9818,17.9988,18.1955,17.9437,19.9945,20.1934,19.7462,21.257,19.887,19.6743,19.583,19.6744,19.8849,21.2495,19.7619,20.1905,21.9621,22.2452,22.1323,23.1776,21.8271,21.8554,21.8554,21.8271,23.1776,22.1354,22.2452,21.9558,-45.2206,-45.2206,-45.8534,-41.8946,-41.8946,-43.3401,-38.6367,-38.6367,-40.8622,-35.1549,-35.1549,-37.8951,
43,-0.0519858,0.146138,-1.32634,0.35907,-2.68685,-0.227067,-3.47045,-0.227056,-2.68684,0.361378,-1.18633,0.0648783,1.91079,2.13451,1.04955,2.6994,-0.239391,1.83026,1.8302,-0.241053,2.69944,1.28039,1.92068,1.92229,3.86454,4.30807,2.98654,4.40754,2.90521,3.80632,1.29233,3.80641,2.90638,4.35909,3.0546,4.15506,5.90666,6.30487,4.84154,7.79111,4.71421,5.56241,5.56027,4.72321,7.74698,5.04516,6.42945,5.77499,7.83407,8.55103,6.88697,9.45593,6.75366,7.36452,5.97465,7.36426,6.7819,9.53096,7.04423,8.14765,9.87159,10.4463,9.12313,11.7614,9.01385,9.44008,9.44005,9.00783,11.8854,9.04612,10.3653,9.72793,11.9498,12.7538,11.0454,13.3141,11.3832,11.3851,11.8599,11.3866,11.3496,13.3372,11.0145,12.528,13.8887,14.4365,13.4505,15.2358,13.2025,13.1421,13.1431,13.145,15.2308,13.4842,14.685,13.8513,16.1208,16.5481,15.4507,17.0047,15.7378,14.925,16.3642,14.9262,15.7398,16.9996,15.5332,16.4221,17.9498,18.1219,18.0155,19.0827,17.1505,17.727,17.727,17.1488,19.0393,18.0356,18.2115,17.9401,19.9983,20.2091,19.7746,21.2978,19.9324,19.6705,19.579,19.6707,19.9297,21.2894,19.7928,20.2052,21.96,22.2575,22.1811,23.2221,21.8257,21.8563,21.8563,21.8257,23.2221,22.1847,22.2575,21.9533,-47.2124,-47.2124,-47.8701,-43.8366,-43.8366,-45.3402,-40.5788,-40.5788,-42.8461,-36.9817,-36.9817,-39.7388,
44,-0.0620505,0.161001,-1.45828,0.298725,-2.82935,-0.315905,-3.65692,-0.315867,-2.82934,0.296632,-1.30047,0.0711571,1.89004,2.1446,1.00991,2.64828,-0.359675,1.77435,1.77432,-0.361328,2.64894,1.26258,1.90215,1.91351,3.85847,4.31926,2.96351,4.4077,2.89998,3.78168,1.16657,3.78177,2.90264,4.32612,3.069,4.1679,5.9049,6.30923,4.79648,7.86869,4.60517,5.6259,5.62341,4.61904,7.84164,5.00705,6.44916,5.75429,7.81812,8.55388,6.8612,9.51903,6.78496,7.32724,5.89149,7.3264,6.81962,9.58281,7.03118,8.15873,9.86522,10.4785,9.09441,11.8385,8.97419,9.52081,9.52077,8.9672,11.9604,8.98056,10.343,9.70673,11.9457,12.8241,10.9945,13.3283,11.3001,11.4036,11.8688,11.4062,11.2736,13.352,11.0007,12.5384,13.8815,14.4201,13.4341,15.2685,13.2478,13.1073,13.109,13.167,15.2573,13.4958,14.7702,13.8411,16.1941,16.6286,15.4009,17.0402,15.7012,14.882,16.3708,14.8832,15.7033,17.0417,15.5064,16.4867,17.9469,18.1233,18.0616,19.1391,17.1896,17.752,17.7519,17.1872,19.0911,18.0725,18.2276,17.9366,20.0076,20.2253,19.8087,21.3386,19.9792,19.6653,19.575,19.6657,19.976,21.3292,19.8288,20.2205,21.9579,22.2698,22.2298,23.2666,21.8243,21.8573,21.8573,21.8243,23.2666,22.2341,22.2698,21.9508,-49.2042,-49.2042,-49.8869,-45.7786,-45.7786,-47.3404,-42.5235,-42.5235,-44.83,-38.8085,-38.8085,-41.5775,
45,-0.0721153,0.174782,-1.59021,0.23759,-2.97184,-0.403952,-3.84339,-0.403908,-2.97183,0.230038,-1.41461,0.0774359,1.8692,2.15577,0.967315,2.58044,-0.48075,1.71845,1.71844,-0.482373,2.5815,1.23002,1.88362,1.90473,3.85249,4.31612,2.93539,4.43322,2.86665,3.74666,1.04081,3.74675,2.87196,4.31589,3.09404,4.18074,5.90314,6.31446,4.7649,7.91881,4.51842,5.6881,5.68609,4.53558,7.916,4.96894,6.46886,5.73359,7.80218,8.54194,6.83539,9.61071,6.81626,7.30765,5.80832,7.30577,6.85733,9.65698,7.01591,8.16982,9.85885,10.5066,9.06665,11.8972,8.93453,9.60154,9.60149,8.92658,12.0088,8.91515,10.3067,9.68553,11.9416,12.8984,10.9541,13.3446,11.2116,11.4232,11.8777,11.4266,11.1901,13.3668,11.001,12.5487,13.8743,14.3976,13.4318,15.2816,13.2966,13.0706,13.0731,13.1937,15.2674,13.5322,14.8554,13.8309,16.2758,16.6914,15.3446,17.0976,15.6512,14.8404,16.3774,14.8413,15.6535,17.1042,15.465,16.5642,17.944,18.1296,18.1207,19.1895,17.242,17.7777,17.7776,17.2389,19.1368,18.1096,18.245,17.933,20.0236,20.2424,19.8479,21.3793,20.0271,19.659,19.5711,19.6595,20.0234,21.369,19.8699,20.2368,21.9558,22.2821,22.2786,23.3111,21.823,21.8583,21.8583,21.823,23.3111,22.2834,22.2821,21.9483,-51.196,-51.196,-51.9037,-47.7206,-47.7206,-49.3405,-44.4682,-44.4682,-46.8139,-40.6353,-40.6353,-43.416,
46,-0.08218,0.18769,-1.72214,0.176454,-3.11434,-0.490582,-4.02986,-0.49055,-3.11432,0.163441,-1.52875,0.0837147,1.84837,2.16782,0.923593,2.49997,-0.603242,1.66255,1.66255,-0.604816,2.49947,1.1851,1.86509,1.89594,3.8465,4.29942,2.90506,4.47472,2.79997,3.70926,0.915042,3.70937,2.80923,4.32979,3.12188,4.19358,5.90139,6.31998,4.74657,7.94721,4.46351,5.72962,5.72896,4.48222,7.96989,4.93083,6.48856,5.71289,7.78623,8.52088,6.80958,9.72501,6.84757,7.3126,5.72515,7.30927,6.89505,9.75163,6.99799,8.1809,9.85248,10.5272,9.03836,11.9344,8.89487,9.68214,9.68221,8.88595,12.0321,8.85237,10.2582,9.66433,11.9375,12.9676,10.9289,13.3608,11.1214,11.4446,11.8865,11.4485,11.1044,13.3801,11.0134,12.5591,13.8671,14.3794,13.444,15.2798,13.3449,13.0313,13.0349,13.2193,15.2666,13.591,14.9406,13.8207,16.3589,16.7237,15.2928,17.1722,15.5966,14.8013,16.384,14.8019,15.5989,17.1811,15.4159,16.6414,17.9411,18.145,18.1947,19.2354,17.2982,17.8028,17.8028,17.2945,19.177,18.1505,18.2688,17.9294,20.0472,20.2611,19.8903,21.4201,20.0754,19.6537,19.5671,19.6541,20.0712,21.4088,19.9152,20.2543,21.9537,22.2944,22.3273,23.3556,21.8216,21.8592,21.8592,21.8216,23.3556,22.3327,22.2944,21.9459,-53.1878,-53.1878,-53.9204,-49.6625,-49.6625,-51.3407,-46.413,-46.413,-48.7978,-42.462,-42.462,-45.2544,
47,-0.0922447,0.200002,-1.85408,0.115319,-3.25683,-0.575536,-4.21633,-0.575491,-3.25682,0.0968441,-1.64289,0.0899935,1.82753,2.18023,0.88008,2.41214,-0.727409,1.60665,1.60667,-0.728962,2.4089,1.13422,1.84656,1.88716,3.84052,4.27219,2.87843,4.5199,2.70136,3.67185,0.789278,3.67199,2.71563,4.36352,3.14441,4.20641,5.89963,6.3255,4.73878,7.96393,4.44053,5.74425,5.74518,4.45969,8.00948,4.89272,6.50827,5.6922,7.77029,8.49507,6.78377,9.85187,6.87887,7.34447,5.64199,7.33946,6.93276,9.86059,6.97387,8.19199,9.8461,10.5412,9.00828,11.9505,8.8552,9.76015,9.76293,8.84532,12.0357,8.79579,10.2019,9.64313,11.9334,13.027,10.9159,13.3734,11.0299,11.4699,11.8954,11.4722,11.0171,13.3897,11.0337,12.5694,13.8599,14.3687,13.467,15.2728,13.393,12.9892,12.994,13.2437,15.2646,13.6576,15.0258,13.8105,16.4394,16.7246,15.253,17.2561,15.5419,14.765,16.3906,14.7651,15.5442,17.2643,15.3756,16.7017,17.9382,18.1725,18.2823,19.2785,17.3537,17.8244,17.8245,17.3494,19.2134,18.1995,18.3044,17.9258,20.0788,20.2819,19.9337,21.4609,20.1235,19.6528,19.5631,19.6531,20.1189,21.4486,19.963,20.2734,21.9517,22.3067,22.3761,23.4002,21.8204,21.8602,21.8602,21.8203,23.4002,22.382,22.3067,21.9434,-55.1796,-55.1796,-55.9372,-51.6045,-51.6045,-53.3408,-48.3578,-48.3578,-50.7817,-44.2888,-44.2888,-47.0929,
48,-0.102309,0.209258,-1.98601,0.0545412,-3.39933,-0.659202,-4.40279,-0.659046,-3.39931,0.0302469,-1.75703,0.0962723,1.80669,2.19265,0.839607,2.31852,-0.853222,1.55075,1.55078,-0.854493,2.31596,1.08263,1.82803,1.87838,3.83454,4.23887,2.85753,4.56513,2.5785,3.63444,0.663514,3.6346,2.59844,4.40957,3.1577,4.21925,5.89787,6.33102,4.73709,7.97883,4.44181,5.7349,5.73744,4.46076,8.04372,4.85461,6.52797,5.6715,7.75434,8.46789,6.75797,9.98121,6.91018,7.4003,5.55882,7.39361,6.97048,9.97491,6.94126,8.20307,9.83973,10.5512,8.97624,11.9478,8.81554,9.83135,9.84324,8.80469,12.0274,8.74771,10.1435,9.62193,11.9296,13.0746,10.9094,13.3797,10.9383,11.502,11.9042,11.4973,10.9286,13.3934,11.056,12.5798,13.8527,14.366,13.4944,15.2705,13.4412,12.9451,12.9508,13.2676,15.2682,13.7134,15.1101,13.8003,16.5113,16.701,15.2315,17.3417,15.4872,14.7309,16.3972,14.7306,15.4894,17.3456,15.3581,16.7371,17.9352,18.2151,18.3782,19.3209,17.4085,17.8397,17.8403,17.4036,19.2499,18.2592,18.3552,17.9223,20.1189,20.3058,19.9758,21.5017,20.1697,19.6588,19.5591,19.6587,20.1651,21.4884,20.0114,20.294,21.9496,22.319,22.4248,23.4447,21.8212,21.8612,21.8612,21.8205,23.4447,22.4313,22.319,21.9409,-57.1714,-57.1714,-57.9539,-53.5465,-53.5465,-55.3409,-50.3025,-50.3025,-52.7656,-46.1156,-46.1156,-48.9314,
49,-0.112374,0.211672,-2.11794,-0.00320471,-3.54182,-0.742504,-4.58926,-0.742125,-3.54181,-0.0363503,-1.87117,0.102551,1.78585,2.20508,0.805975,2.22169,-0.982431,1.49485,1.4949,-0.9805,2.22106,1.03103,1.80949,1.86959,3.82855,4.20415,2.83985,4.61036,2.4438,3.59703,0.53775,3.59722,2.46954,4.46398,3.16458,4.23209,5.89611,6.33654,4.73679,7.99373,4.45491,5.7092,5.71313,4.47352,8.07773,4.8165,6.54768,5.6508,7.73839,8.44069,6.73216,10.107,6.94148,7.47249,5.47566,7.46432,7.00819,10.0892,6.89958,8.21416,9.83336,10.5557,8.94385,11.9335,8.77588,9.89283,9.921,8.76406,12.0154,8.70869,10.0851,9.60073,11.9303,13.1103,10.904,13.3787,10.8466,11.5405,11.9094,11.5251,10.8401,13.3908,11.0784,12.5901,13.8455,14.3701,13.519,15.2756,13.4892,12.9046,12.9077,13.2915,15.2783,13.7426,15.1891,13.7901,16.5707,16.6645,15.2331,17.4269,15.4327,14.6985,16.4039,14.6977,15.4347,17.4202,15.3712,16.7522,17.9323,18.271,18.4707,19.3635,17.4627,17.8476,17.8488,17.4572,19.2927,18.3294,18.421,17.9187,20.168,20.3385,20.0159,21.5424,20.2116,19.6727,19.5552,19.6722,20.2074,21.5282,20.0588,20.316,21.9475,22.3313,22.4736,23.4892,21.8262,21.8621,21.8621,21.8246,23.4892,22.4806,22.3313,21.9384,-59.1632,-59.1632,-59.9707,-55.4885,-55.4885,-57.3411,-52.2473,-52.2473,-54.7495,-47.9424,-47.9424,-50.7699,
50,-0.122439,0.204879,-2.24988,-0.0545578,-3.68432,-0.825804,-4.77573,-0.825197,-3.6843,-0.102601,-1.9853,0.10883,1.76502,2.2175,0.781552,2.12442,-1.11803,1.43894,1.43902,-1.10686,2.12416,0.979439,1.79096,1.86081,3.82257,4.16942,2.82261,4.6556,2.3078,3.55962,0.411986,3.55984,2.33927,4.52231,3.16956,4.24493,5.89435,6.34207,4.73649,8.00863,4.46933,5.67762,5.6826,4.48767,8.11177,4.77839,6.56738,5.6301,7.72245,8.41348,6.70635,10.2173,6.97279,7.55057,5.39249,7.54127,7.04588,10.1974,6.8501,8.22524,9.82698,10.5482,8.91146,11.9231,8.73622,9.94347,9.99419,8.72344,12.0092,8.67746,10.0267,9.57953,11.9429,13.1352,10.8987,13.3705,10.755,11.5818,11.9045,11.5574,10.7516,13.3827,11.1008,12.6005,13.8383,14.3796,13.5354,15.2877,13.5314,12.8766,12.8686,13.3154,15.2938,13.739,15.2574,13.78,16.6169,16.6247,15.2598,17.5093,15.384,14.6668,16.4099,14.6657,15.38,17.485,15.4172,16.7586,17.9294,18.3332,18.5505,19.4089,17.5169,17.8485,17.8502,17.5107,19.3453,18.4057,18.4985,17.9151,20.2264,20.3864,20.0542,21.5832,20.2479,19.6942,19.551,19.6932,20.2444,21.568,20.1053,20.3407,21.9454,22.3436,22.5223,23.5337,21.8368,21.8631,21.8631,21.8339,23.5337,22.5299,22.3436,21.9359,-61.155,-61.155,-61.9875,-57.4304,-57.4304,-59.3412,-54.192,-54.192,-56.7334,-49.7692,-49.7692,-52.6084,
51,-0.132504,0.188386,-2.38181,-0.0973209,-3.82681,-0.909105,-4.9622,-0.90827,-3.8268,-0.166272,-2.09944,0.115109,1.74418,2.22993,0.766827,2.02715,-1.26223,1.38304,1.38313,-1.2358,2.02608,0.927846,1.77243,1.85203,3.81659,4.1347,2.80537,4.70083,2.1718,3.52222,0.286223,3.52246,2.20899,4.581,3.17534,4.25777,5.8926,6.34759,4.73614,8.02352,4.48341,5.64614,5.65234,4.50127,8.14656,4.74028,6.58708,5.6094,7.7065,8.38628,6.6806,10.302,7.00409,7.62879,5.30933,7.61836,7.08282,10.2899,6.79564,8.23633,9.82061,10.5235,8.87907,11.9296,8.69663,9.98412,10.0619,8.68292,12.0188,8.65123,9.9683,9.55833,11.9728,13.1513,10.8934,13.3569,10.6633,11.6214,11.8842,11.5947,10.663,13.3712,11.1232,12.6108,13.8311,14.3927,13.5425,15.3054,13.5595,12.867,12.837,13.3394,15.3127,13.7068,15.3105,13.7698,16.6516,16.585,15.3099,17.5853,15.3494,14.6363,16.4109,14.6342,15.3253,17.5387,15.4918,16.7712,17.9265,18.3974,18.6142,19.4608,17.5711,17.8466,17.8486,17.5642,19.409,18.4795,18.5813,17.9116,20.2935,20.4523,20.0913,21.624,20.2785,19.7214,19.5462,19.72,20.2758,21.6078,20.1513,20.3719,21.9433,22.3559,22.5711,23.5782,21.853,21.8642,21.8642,21.8489,23.5782,22.5792,22.3559,21.9335,-63.1468,-63.1468,-64.0042,-59.3724,-59.3724,-61.3413,-56.1368,-56.1368,-58.7173,-51.596,-51.596,-54.4469,
52,-0.142568,0.163602,-2.51374,-0.131349,-3.96931,-0.992405,-5.14867,-0.991342,-3.96929,-0.224852,-2.21358,0.121387,1.72334,2.24235,0.760393,1.92988,-1.41516,1.32714,1.32725,-1.36983,1.92787,0.876253,1.7539,1.84324,3.8106,4.09997,2.78813,4.74606,2.03579,3.48481,0.160459,3.48507,2.07872,4.63969,3.18126,4.2706,5.89084,6.35311,4.73394,8.03842,4.49553,5.61664,5.62432,4.51263,8.18333,4.70217,6.60679,5.5887,7.69055,8.35908,6.6567,10.356,7.03539,7.70513,5.22616,7.69333,7.11777,10.3606,6.73974,8.24577,9.81424,10.4797,8.84668,11.9582,8.65824,10.0173,10.1243,8.64451,12.0495,8.62642,9.91152,9.53713,12.0217,13.1615,10.8881,13.3407,10.5723,11.6554,11.8448,11.6339,10.5745,13.3593,11.1455,12.6212,13.8239,14.408,13.5439,15.3257,13.5677,12.878,12.8166,13.3617,15.3326,13.656,15.3465,13.7596,16.6775,16.546,15.3771,17.6526,15.3346,14.6085,16.4014,14.604,15.2721,17.5824,15.5851,16.7999,17.9236,18.4623,18.6622,19.5213,17.6253,17.8475,17.8495,17.6177,19.4827,18.5441,18.6648,17.908,20.3681,20.5353,20.1278,21.6648,20.3041,19.752,19.5398,19.7502,20.302,21.6476,20.1972,20.4129,21.9412,22.3682,22.6198,23.6228,21.8743,21.8653,21.8653,21.869,23.6228,22.6285,22.3682,21.931,-65.1386,-65.1386,-66.021,-61.3144,-61.3144,-63.3415,-58.0816,-58.0816,-60.7012,-53.4228,-53.4228,-56.2854,
53,-0.152633,0.133485,-2.64568,-0.158989,-4.1118,-1.07571,-5.33514,-1.07441,-4.11178,-0.276884,-2.32772,0.127666,1.70251,2.25478,0.759294,1.83261,-1.57447,1.27124,1.27137,-1.51041,1.82965,0.82466,1.73537,1.83446,3.80462,4.06524,2.7708,4.79129,1.89979,3.4474,0.0346949,3.44769,1.94845,4.69838,3.18718,4.28344,5.88908,6.35863,4.72668,8.05332,4.50413,5.59066,5.59995,4.52035,8.22299,4.66406,6.62649,5.56801,7.67461,8.33187,6.63795,10.3801,7.0667,7.77671,5.14299,7.76334,7.14984,10.4085,6.68383,8.24711,9.80787,10.4197,8.81429,12.0037,8.62061,10.0467,10.1828,8.60959,12.1004,8.60164,9.86287,9.51593,12.0869,13.1688,10.8828,13.3269,10.4853,11.6806,11.7846,11.6708,10.4874,13.3503,11.1679,12.6315,13.8167,14.4242,13.5475,15.3463,13.555,12.907,12.8089,13.3768,15.3524,13.5994,15.3667,13.7494,16.6984,16.5122,15.4491,17.7107,15.3409,14.5863,16.3777,14.5769,15.2262,17.619,15.6841,16.8444,17.9207,18.5261,18.6986,19.5911,17.6795,17.8553,17.8572,17.6713,19.5635,18.5971,18.7485,17.9044,20.4469,20.6306,20.1642,21.7056,20.3261,19.7841,19.5309,19.782,20.3243,21.6874,20.2431,20.4652,21.9392,22.3816,22.6686,23.6673,21.8992,21.8663,21.8664,21.8929,23.6673,22.6779,22.3805,21.9285,-67.1304,-67.1304,-68.0377,-63.2564,-63.2564,-65.3416,-60.0263,-60.0263,-62.6851,-55.2496,-55.2496,-58.1239,
54,-0.162698,0.10173,-2.77761,-0.184546,-4.2543,-1.15901,-5.52161,-1.15749,-4.25428,-0.32253,-2.44186,0.133945,1.68167,2.2672,0.759815,1.73533,-1.73587,1.21534,1.21548,-1.65737,1.73145,0.773063,1.71684,1.82568,3.79864,4.03052,2.75246,4.83653,1.76379,3.40999,-0.0910689,3.41031,1.81817,4.75707,3.1931,4.29628,5.88732,6.36415,4.71311,8.06822,4.50843,5.56897,5.5798,4.52384,8.26587,4.62595,6.64619,5.54731,7.65866,8.30467,6.62653,10.381,7.09798,7.84209,5.05983,7.82712,7.17868,10.4371,6.62792,8.23434,9.80149,10.3503,8.7819,12.0528,8.58155,10.0756,10.2398,8.57564,12.1646,8.57685,9.8283,9.49473,12.1615,13.1757,10.8775,13.3202,10.406,11.6963,11.7044,11.7012,10.4056,13.3471,11.1903,12.6419,13.8095,14.4406,13.5617,15.3669,13.5245,12.9477,12.8124,13.38,15.3722,13.5429,15.3754,13.7392,16.7182,16.488,15.5137,17.7607,15.3649,14.5733,16.339,14.5557,15.1922,17.6527,15.7832,16.9003,17.9178,18.5878,18.7301,19.6689,17.7336,17.8706,17.8723,17.7248,19.6473,18.6396,18.8321,17.9009,20.5221,20.7312,20.2007,21.7463,20.3461,19.8178,19.5185,19.8154,20.3444,21.7272,20.289,20.5282,21.9371,22.4014,22.7173,23.7118,21.9261,21.8672,21.8674,21.9193,23.7118,22.7272,22.3929,21.926,-69.1222,-69.1222,-70.0545,-65.1984,-65.1984,-67.3417,-61.9711,-61.9711,-64.669,-57.0764,-57.0764,-59.9624,
55,-0.172763,0.0699459,-2.90954,-0.210093,-4.39679,-1.24231,-5.70808,-1.24056,-4.39677,-0.363786,-2.556,0.140224,1.66083,2.27963,0.759576,1.63809,-1.8973,1.15944,1.1596,-1.80873,1.63362,0.721081,1.69831,1.81689,3.79265,3.99579,2.73258,4.88176,1.62779,3.37258,-0.216833,3.37292,1.6879,4.81576,3.19902,4.30912,5.88556,6.36967,4.69399,8.08311,4.50855,5.55146,5.56361,4.52337,8.31169,4.58784,6.6659,5.52661,7.64272,8.27747,6.62299,10.3685,7.12851,7.90142,4.97666,7.88499,7.20459,10.4534,6.57201,8.20425,9.79512,10.2793,8.74951,12.0903,8.53879,10.1045,10.2966,8.53865,12.2311,8.55206,9.81107,9.47353,12.2377,13.1825,10.8722,13.3252,10.3372,11.7063,11.6076,11.7231,10.3328,13.3524,11.2127,12.6522,13.8023,14.4569,13.5892,15.3875,13.4832,12.9906,12.8231,13.3692,15.392,13.4878,15.3792,13.729,16.7381,16.4755,15.5666,17.8056,15.3997,14.573,16.288,14.5435,15.1722,17.6862,15.8823,16.9593,17.9149,18.6488,18.7614,19.7519,17.7878,17.8919,17.8933,17.7783,19.7312,18.6764,18.9157,17.8973,20.5861,20.8322,20.2371,21.7871,20.3657,19.8535,19.5027,19.851,20.3637,21.767,20.3349,20.5987,21.935,22.4331,22.7661,23.7563,21.9538,21.8679,21.8681,21.9466,23.7563,22.7765,22.4052,21.9235,-71.114,-71.114,-72.0712,-67.1403,-67.1403,-69.3419,-63.9158,-63.9158,-66.6529,-58.9032,-58.9032,-61.8009,
56,-0.182827,0.0381614,-3.04148,-0.237511,-4.53929,-1.32561,-5.89454,-1.32363,-4.53927,-0.403855,-2.67014,0.146503,1.64,2.29205,0.756991,1.54271,-2.05874,1.10353,1.10372,-1.96127,1.53713,0.667762,1.67978,1.80811,3.78667,3.96107,2.71169,4.92699,1.49178,3.33518,-0.342597,3.33554,1.55762,4.87445,3.20494,4.32196,5.8838,6.37519,4.67141,8.09801,4.50545,5.53717,5.55031,4.52001,8.35954,4.54972,6.6856,5.50591,7.62677,8.25026,6.62627,10.3528,7.15667,7.95612,4.8935,7.93843,7.22846,10.4654,6.5161,8.15699,9.78875,10.2083,8.71689,12.1045,8.49096,10.1332,10.3516,8.49438,12.2886,8.52727,9.811,9.45233,12.3139,13.1894,10.8669,13.3449,10.2805,11.7148,11.5025,11.737,10.2717,13.3679,11.235,12.6625,13.7951,14.4733,13.6287,15.4082,13.4393,13.0258,12.8349,13.3458,15.4119,13.4359,15.3826,13.7188,16.7579,16.474,15.6085,17.849,15.437,14.5873,16.231,14.5429,15.1648,17.7197,15.9811,17.0137,17.9119,18.7097,18.7927,19.8364,17.842,17.9137,17.9143,17.8318,19.815,18.7152,18.9993,17.8937,20.635,20.9332,20.2735,21.8279,20.3854,19.8912,19.4883,19.8886,20.383,21.8069,20.3809,20.6724,21.9329,22.4798,22.8148,23.8008,21.9816,21.8683,21.8687,21.9741,23.8008,22.8258,22.4175,21.9211,-73.1058,-73.1058,-74.088,-69.0823,-69.0823,-71.342,-65.8606,-65.8606,-68.6368,-60.73,-60.73,-63.6394,
57,-0.192892,0.006377,-3.17341,-0.271371,-4.68178,-1.40891,-6.08101,-1.4067,-4.68176,-0.443918,-2.78428,0.152781,1.61916,2.30448,0.751171,1.45377,-2.22017,1.04763,1.04783,-2.11382,1.44265,0.612443,1.66125,1.79933,3.78069,3.92634,2.69008,4.97223,1.35578,3.29777,-0.46836,3.29816,1.42735,4.93314,3.21086,4.33479,5.88205,6.38071,4.64833,8.11291,4.50068,5.52456,5.53833,4.51533,8.40815,4.51161,6.70531,5.48521,7.61082,8.22306,6.634,10.3397,7.18084,8.00813,4.81033,7.98946,7.25159,10.4772,6.46019,8.09617,9.78238,10.1373,8.6817,12.0954,8.43762,10.1565,10.3961,8.43972,12.3326,8.50249,9.82449,9.43113,12.3901,13.1963,10.8616,13.3795,10.2359,11.7233,11.4106,11.7449,10.2233,13.3931,11.2574,12.6729,13.7879,14.4896,13.6766,15.4288,13.3955,13.048,12.8414,13.3136,15.4317,13.3878,15.386,13.7086,16.7777,16.4807,15.6422,17.8923,15.4743,14.6158,16.1732,14.5552,15.1662,17.7532,16.0782,17.0619,17.909,18.7707,18.8239,19.9205,17.8962,17.9297,17.929,17.8853,19.8989,18.7618,19.0829,17.8901,20.6688,21.0342,20.3099,21.8691,20.405,19.9307,19.4831,19.928,20.4023,21.8467,20.4268,20.7463,21.9308,22.5418,22.8635,23.8453,22.0094,21.8687,21.8692,22.0017,23.8453,22.8751,22.4298,21.9186,-75.0976,-75.0976,-76.1048,-71.0243,-71.0243,-73.3422,-67.8053,-67.8053,-70.6207,-62.5568,-62.5568,-65.4779,
58,-0.202957,-0.0254074,-3.30534,-0.315108,-4.82428,-1.49221,-6.26748,-1.48978,-4.82426,-0.483981,-2.89842,0.15906,1.59832,2.3169,0.742118,1.37471,-2.3816,0.991731,0.991948,-2.26637,1.35035,0.554932,1.64271,1.79054,3.7747,3.89162,2.66784,5.01746,1.21978,3.26036,-0.594124,3.26077,1.29708,4.99183,3.21678,4.34763,5.88029,6.38623,4.62769,8.12781,4.49566,5.51219,5.52648,4.51053,8.45678,4.4735,6.72501,5.46451,7.59488,8.19561,6.64316,10.3317,7.19991,8.05928,4.72716,8.0399,7.27468,10.489,6.40428,8.02814,9.776,10.0665,8.64107,12.0709,8.37969,10.1638,10.4226,8.3738,12.3651,8.4777,9.84519,9.40993,12.4663,13.2032,10.8566,13.4266,10.2019,11.7318,11.3526,11.7497,10.1869,13.4261,11.2798,12.6832,13.7807,14.5059,13.7276,15.4494,13.3517,13.059,12.8391,13.2786,15.4515,13.3435,15.3894,13.6984,16.7976,16.4915,15.6718,17.9356,15.5117,14.6556,16.1154,14.5793,15.1705,17.7867,16.1719,17.1042,17.9061,18.8316,18.8552,20.0012,17.9503,17.9371,17.9348,17.9388,19.9807,18.8176,19.1665,17.8866,20.6902,21.135,20.3463,21.9137,20.4247,19.9713,19.4932,19.9686,20.4216,21.8886,20.4727,20.8202,21.9288,22.616,22.9125,23.8899,22.0373,21.8691,21.8697,22.0293,23.8899,22.9244,22.4421,21.9161,-77.0894,-77.0894,-78.1215,-72.9663,-72.9663,-75.3423,-69.7501,-69.7501,-72.6046,-64.3836,-64.3836,-67.3164,
59,-0.213021,-0.0571919,-3.43728,-0.370034,-4.96677,-1.57551,-6.45395,-1.57285,-4.96675,-0.524044,-3.01255,0.165339,1.57748,2.32905,0.730734,1.30684,-2.54303,0.93583,0.936064,-2.41892,1.25997,0.49551,1.62418,1.78176,3.76872,3.85689,2.6454,5.06269,1.08377,3.22295,-0.719888,3.22339,1.1668,5.05052,3.2227,4.36047,5.87853,6.39175,4.60981,8.1427,4.49065,5.49981,5.51462,4.50573,8.50541,4.43539,6.74471,5.44382,7.57893,8.16544,6.65236,10.3291,7.21376,8.11038,4.644,8.09033,7.29778,10.5009,6.34837,7.95905,9.76963,9.9985,8.59345,12.0391,8.3197,10.147,10.4272,8.2992,12.3905,8.45291,9.86696,9.38873,12.5424,13.2101,10.8531,13.4808,10.1752,11.7403,11.3407,11.7513,10.1591,13.4636,11.3022,12.6936,13.7735,14.5223,13.7786,15.47,13.3078,13.0639,12.8285,13.2463,15.4714,13.3018,15.3928,13.6883,16.8174,16.503,15.7008,17.979,15.549,14.7016,16.0577,14.612,15.1749,17.8203,16.2616,17.1418,17.9032,18.8923,18.8865,20.075,18.0045,17.9352,17.9311,17.9923,20.057,18.8821,19.2502,17.883,20.7048,21.2323,20.3827,21.9652,20.4443,20.0124,19.5212,20.0096,20.4409,21.9359,20.5186,20.8941,21.9267,22.6973,22.9649,23.9344,22.0652,21.8695,21.8702,22.0569,23.9344,22.9737,22.4544,21.9136,-79.0812,-79.0812,-80.1383,-74.9082,-74.9082,-77.3424,-71.6949,-71.6949,-74.5885,-66.2104,-66.2104,-69.1548,
60,-0.223086,-0.0889763,-3.56921,-0.435133,-5.10927,-1.65881,-6.64042,-1.65592,-5.10924,-0.564107,-3.12669,0.171618,1.55665,2.34015,0.718587,1.24915,-2.70446,0.879928,0.880181,-2.57146,1.17084,0.434828,1.60565,1.77297,3.76274,3.82216,2.62382,5.10793,0.94777,3.18554,-0.845652,3.18601,1.03653,5.10921,3.22862,4.37331,5.87677,6.39726,4.5929,8.1576,4.48563,5.48744,5.50276,4.50094,8.55404,4.39728,6.76442,5.42312,7.56298,8.12936,6.66156,10.3308,7.22341,8.16149,4.56083,8.14076,7.32087,10.5125,6.29246,7.88996,9.76326,9.93638,8.53917,12.006,8.26097,10.1014,10.4098,8.22072,12.4136,8.42812,9.88872,9.36753,12.6186,13.2169,10.8521,13.5363,10.1515,11.7488,11.3783,11.7444,10.1352,13.502,11.3248,12.7039,13.7663,14.5386,13.8296,15.4906,13.264,13.0688,12.8142,13.2225,15.4912,13.2614,15.3962,13.6781,16.8372,16.5144,15.7298,18.0223,15.5863,14.7485,15.9999,14.6487,15.1792,17.8538,16.3473,17.177,17.9003,18.9516,18.9177,20.1399,18.0587,17.9253,17.9198,18.0458,20.1254,18.953,19.3338,17.8794,20.7195,21.3205,20.4191,22.0255,20.464,20.0534,19.5648,20.0506,20.4602,21.9913,20.5645,20.968,21.9246,22.78,23.0265,23.979,22.0931,21.8698,21.8707,22.0845,23.9789,23.023,22.4667,21.9111,-81.073,-81.073,-82.155,-76.8502,-76.8502,-79.3426,-73.6396,-73.6396,-76.5724,-68.0372,-68.0372,-70.9933,
61,-0.233151,-0.120761,-3.70114,-0.507324,-5.25176,-1.74211,-6.82689,-1.73899,-5.25174,-0.60417,-3.24083,0.177897,1.53581,2.34966,0.706426,1.19854,-2.8659,0.824026,0.824297,-2.72401,1.08214,0.373723,1.58712,1.76419,3.75675,3.78744,2.60381,5.15316,0.811767,3.14814,-0.971416,3.14863,0.906256,5.1679,3.23454,4.38615,5.87501,6.40256,4.576,8.1725,4.48062,5.47507,5.4909,4.49614,8.60268,4.35917,6.78412,5.40242,7.54704,8.08557,6.66991,10.3341,7.23078,8.2126,4.47767,8.19119,7.34396,10.5227,6.23655,7.82087,9.75688,9.88218,8.48122,11.9729,8.20432,10.0275,10.3737,8.14192,12.4366,8.40333,9.91048,9.34633,12.6948,13.2238,10.8539,13.5919,10.1279,11.7555,11.453,11.7249,10.1116,13.5405,11.3488,12.7143,13.7591,14.555,13.8794,15.5112,13.222,13.0811,12.8019,13.2113,15.511,13.2212,15.3996,13.6679,16.8571,16.5258,15.76,18.0656,15.6236,14.7955,15.9422,14.6856,15.1836,17.8873,16.43,17.2122,17.8974,19.0082,18.949,20.1949,18.1129,17.9108,17.9044,18.0993,20.1848,19.0269,19.4174,17.8759,20.7367,21.3955,20.4555,22.0938,20.4844,20.0945,19.617,20.0916,20.4795,22.0555,20.6105,21.0419,21.9225,22.8628,23.1012,24.0247,22.1212,21.8699,21.8709,22.1124,24.0234,23.0723,22.479,21.9087,-83.0648,-83.0648,-84.1718,-78.7922,-78.7922,-81.3427,-75.5844,-75.5844,-78.5563,-69.8639,-69.8639,-72.8318,
62,-0.243216,-0.152545,-3.83308,-0.582218,-5.39426,-1.82541,-7.01336,-1.82206,-5.39423,-0.644233,-3.35497,0.184175,1.51497,2.35745,0.694266,1.15064,-3.02733,0.768125,0.768413,-2.87656,0.993454,0.312606,1.56859,1.75541,3.75077,3.75271,2.58551,5.19839,0.675764,3.11073,-1.09718,3.11124,0.775982,5.22659,3.24046,4.39898,5.87326,6.40699,4.55911,8.1874,4.4756,5.4627,5.47905,4.49134,8.65131,4.32106,6.80383,5.38172,7.53109,8.03418,6.67448,10.3359,7.23778,8.2635,4.3945,8.24162,7.36706,10.53,6.18063,7.75178,9.75051,9.83637,8.42583,11.9397,8.14805,9.93187,10.3255,8.06313,12.4595,8.37855,9.93224,9.32513,12.771,13.2307,10.8586,13.6474,10.1043,11.7551,11.5379,11.6909,10.088,13.5789,11.3757,12.7246,13.7519,14.5713,13.9257,15.5319,13.1872,13.1099,12.7972,13.2146,15.5309,13.181,15.403,13.6577,16.8769,16.5372,15.7937,18.1089,15.6609,14.8425,15.8844,14.7225,15.188,17.9208,16.5113,17.2486,17.8945,19.0621,18.9803,20.2412,18.1671,17.8955,17.8883,18.1528,20.2362,19.1011,19.501,17.8723,20.7567,21.4562,20.4919,22.1662,20.5057,20.1356,19.6707,20.1326,20.4989,22.1274,20.6564,21.1158,21.9204,22.9455,23.1903,24.0742,22.15,21.8694,21.8704,22.141,24.0684,23.1216,22.4913,21.9062,-85.0566,-85.0566,-86.1885,-80.7342,-80.7342,-83.3428,-77.5291,-77.5291,-80.5402,-71.6907,-71.6907,-74.6703,
63,-0.25328,-0.18433,-3.96501,-0.657235,-5.53675,-1.90871,-7.19983,-1.90514,-5.53673,-0.684296,-3.46911,0.190454,1.49414,2.36377,0.682106,1.10286,-3.18876,0.712223,0.71253,-3.02911,0.904766,0.251488,1.55006,1.74662,3.74479,3.71799,2.5687,5.24363,0.539761,3.07332,-1.22294,3.07386,0.645708,5.28528,3.24638,4.41182,5.8715,6.40954,4.54222,8.20229,4.47058,5.45033,5.46719,4.48654,8.69994,4.28295,6.82353,5.36102,7.51515,7.97711,6.67306,10.3357,7.24478,8.3069,4.31133,8.29205,7.39015,10.5335,6.12472,7.68269,9.74414,9.79783,8.3767,11.9066,8.09177,9.83239,10.2735,7.98433,12.4825,8.35376,9.954,9.30393,12.8472,13.2376,10.8653,13.7024,10.0808,11.7428,11.6009,11.6437,10.0644,13.6174,11.4064,12.735,13.7447,14.5877,13.9668,15.553,13.1641,13.1636,12.8046,13.2311,15.5507,13.1408,15.4065,13.6475,16.8967,16.5486,15.8327,18.1522,15.6983,14.8894,15.8266,14.7595,15.1924,17.9543,16.5924,17.2851,17.8916,19.1138,19.0115,20.2815,18.2212,17.8801,17.8723,18.2063,20.2819,19.1753,19.5846,17.8687,20.7789,21.5039,20.5283,22.2372,20.5282,20.1766,19.7244,20.1736,20.5182,22.202,20.7023,21.1897,21.9183,23.0282,23.2923,24.1299,22.1799,21.8678,21.8688,22.1707,24.1162,23.171,22.5036,21.9037,-87.0484,-87.0484,-88.2053,-82.6761,-82.6761,-85.343,-79.4739,-79.4739,-82.5241,-73.5175,-73.5175,-76.5088,
64,-0.263345,-0.216114,-4.09694,-0.732252,-5.67925,-1.99201,-7.38629,-1.98821,-5.67922,-0.724359,-3.58325,0.196733,1.4733,2.36909,0.669945,1.05508,-3.35019,0.656321,0.656646,-3.18166,0.816077,0.19037,1.53153,1.73784,3.7388,3.68326,2.55288,5.28886,0.403758,3.03591,-1.34871,3.03648,0.515434,5.34397,3.2523,4.42466,5.86974,6.4092,4.52532,8.21719,4.46557,5.43796,5.45533,4.48174,8.74857,4.24484,6.84322,5.34032,7.4992,7.91757,6.66498,10.3345,7.25178,8.32783,4.22817,8.34163,7.41325,10.5331,6.06881,7.6136,9.73777,9.76419,8.33469,11.8735,8.0355,9.75357,10.2222,7.90554,12.5054,8.32899,9.97577,9.28273,12.9234,13.2444,10.873,13.7559,10.0572,11.7165,11.6225,11.5872,10.0408,13.6558,11.441,12.7453,13.7375,14.604,14.0019,15.5757,13.1551,13.247,12.8257,13.257,15.5705,13.1005,15.4099,13.6373,16.9166,16.5601,15.8776,18.1956,15.7356,14.9364,15.7689,14.7964,15.1968,17.9879,16.6735,17.3216,17.8886,19.1645,19.0421,20.3193,18.2754,17.8648,17.8563,18.2598,20.3252,19.2494,19.6682,17.8651,20.8028,21.5428,20.5647,22.3018,20.5516,20.2159,19.7781,20.2136,20.5375,22.2733,20.7482,21.2636,21.9163,23.1109,23.4031,24.1935,22.2113,21.8665,21.8668,22.2018,24.1699,23.2203,22.5159,21.9012,-89.0402,-89.0402,-90.2221,-84.6181,-84.6181,-87.3431,-81.4187,-81.4187,-84.508,-75.3443,-75.3443,-78.3473,
65,-0.27341,-0.247898,-4.22887,-0.807269,-5.82174,-2.07531,-7.57276,-2.07128,-5.82172,-0.764422,-3.69739,0.203012,1.45246,2.37399,0.657785,1.0073,-3.51163,0.60042,0.600762,-3.3342,0.727389,0.129253,1.513,1.72906,3.73282,3.64854,2.53748,5.33409,0.267755,2.99851,-1.47447,2.99909,0.385161,5.40266,3.25822,4.4375,5.86798,6.40525,4.50843,8.23209,4.46055,5.42559,5.44348,4.47694,8.79721,4.20673,6.86148,5.31963,7.48325,7.85909,6.65113,10.3331,7.25879,8.31477,4.145,8.38207,7.43634,10.5295,6.0129,7.54452,9.73139,9.73242,8.29912,11.8403,7.97923,9.70875,10.1801,7.82674,12.5283,8.30564,9.99753,9.26153,12.9995,13.2513,10.8808,13.8076,10.0337,11.6766,11.6045,11.5271,10.0172,13.6943,11.4789,12.7557,13.7303,14.6204,14.0315,15.6002,13.1597,13.3583,12.8585,13.2863,15.5904,13.0603,15.4133,13.6271,16.9364,16.5715,15.928,18.2389,15.7729,14.9833,15.7111,14.8333,15.2012,18.0214,16.7546,17.3582,17.8857,19.2151,19.069,20.3564,18.3296,17.8495,17.8403,18.3133,20.368,19.3236,19.7519,17.8616,20.8305,21.5788,20.6011,22.3582,20.5757,20.2512,19.8318,20.2505,20.557,22.337,20.7941,21.3375,21.9142,23.1936,23.5168,24.2653,22.244,21.8677,21.8665,22.2342,24.2314,23.2696,22.5282,21.8987,-91.032,-91.032,-92.2388,-86.5601,-86.5601,-89.3433,-83.3634,-83.3634,-86.4919,-77.1711,-77.1711,-80.1858,
66,-0.283475,-0.279683,-4.36081,-0.882286,-5.96424,-2.15861,-7.75923,-2.15435,-5.96421,-0.804485,-3.81153,0.209291,1.43163,2.37885,0.645625,0.959526,-3.67306,0.544518,0.544879,-3.48675,0.6387,0.0681351,1.49447,1.72027,3.72684,3.61381,2.52213,5.37932,0.131752,2.9611,-1.60023,2.96171,0.254887,5.46135,3.26414,4.45034,5.86622,6.39757,4.49154,8.24699,4.45554,5.41322,5.43162,4.47214,8.84584,4.16862,6.87479,5.29893,7.46731,7.80349,6.63355,10.3318,7.26579,8.26272,4.06184,8.4034,7.45943,10.524,5.95699,7.47543,9.72502,9.70075,8.26805,11.8072,7.92295,9.70292,10.1569,7.74795,12.5513,8.28725,10.0193,9.24033,13.0757,13.2582,10.8886,13.8575,10.0101,11.6262,11.5608,11.4671,9.99359,13.7327,11.5179,12.766,13.7231,14.6367,14.0573,15.6264,13.1747,13.4882,12.8983,13.3158,15.6102,13.0209,15.4167,13.6169,16.9562,16.5829,15.9823,18.2822,15.8102,15.0303,15.6534,14.8703,15.2056,18.0549,16.8357,17.3947,17.8828,19.2657,19.0894,20.3932,18.3838,17.8342,17.8243,18.3669,20.4105,19.3978,19.8355,17.858,20.8646,21.6148,20.6375,22.4076,20.6001,20.2815,19.8855,20.283,20.5768,22.3923,20.8401,21.4114,21.9121,23.2763,23.6306,24.3442,22.2778,21.8729,21.8698,22.2677,24.3012,23.3189,22.5405,21.8963,-93.0238,-93.0238,-94.2556,-88.5021,-88.5021,-91.3434,-85.3082,-85.3082,-88.4758,-78.9979,-78.9979,-82.0243,
67,-0.293539,-0.311467,-4.49274,-0.957303,-6.10673,-2.24191,-7.9457,-2.23743,-6.1067,-0.844548,-3.92567,0.215569,1.41079,2.3837,0.633464,0.911747,-3.83449,0.488616,0.488995,-3.6393,0.550012,0.00701748,1.47594,1.71149,3.72086,3.57908,2.50677,5.42456,-0.00425095,2.92369,-1.726,2.92433,0.124613,5.52004,3.27006,4.46317,5.86447,6.38665,4.47464,8.26188,4.45052,5.40085,5.41976,4.46734,8.89447,4.13051,6.88036,5.27823,7.45136,7.75033,6.61488,10.3305,7.27279,8.17443,3.97867,8.4006,7.48253,10.5182,5.90108,7.40634,9.71865,9.66908,8.23886,11.774,7.86668,9.73196,10.1548,7.66915,12.5742,8.2766,10.0411,9.21913,13.1519,13.2651,10.8964,13.9064,9.98655,11.5708,11.5122,11.4101,9.96999,13.7712,11.553,12.7764,13.7159,14.6531,14.0814,15.6537,13.1948,13.6231,12.9394,13.3453,15.63,12.9856,15.4201,13.6067,16.9761,16.5943,16.0382,18.3255,15.8475,15.0772,15.5956,14.9072,15.2099,18.0884,16.9168,17.4312,17.8799,19.3163,19.102,20.4299,18.4379,17.8188,17.8081,18.4205,20.4526,19.4719,19.9191,17.8544,20.9067,21.6507,20.674,22.4526,20.6248,20.3065,19.9392,20.3108,20.5971,22.4405,20.886,21.4853,21.91,23.359,23.7444,24.4275,22.3119,21.8829,21.8774,22.3013,24.3783,23.3682,22.5529,21.8938,-95.0156,-95.0156,-96.2723,-90.444,-90.444,-93.3435,-87.2529,-87.2529,-90.4597,-80.8247,-80.8247,-83.8628,
68,-0.303604,-0.343252,-4.62467,-1.03232,-6.24923,-2.32521,-8.13217,-2.3205,-6.2492,-0.884611,-4.0398,0.221848,1.38995,2.38856,0.621304,0.863968,-3.99592,0.432715,0.433111,-3.79185,0.461324,-0.0541001,1.4574,1.70271,3.71504,3.54419,2.49142,5.46979,-0.140254,2.88628,-1.85176,2.88694,-0.00566045,5.57873,3.27598,4.47601,5.86271,6.37345,4.45775,8.27686,4.4455,5.38848,5.4079,4.46254,8.9431,4.0924,6.87692,5.25753,7.43541,7.69874,6.59678,10.3292,7.27971,8.05978,3.8955,8.37454,7.50562,10.5124,5.84517,7.33725,9.71228,9.63742,8.20981,11.7409,7.8104,9.77756,10.1674,7.59036,12.5972,8.27495,10.0628,9.19793,13.2281,13.272,10.9042,13.9552,9.963,11.5148,11.4733,11.3616,9.94639,13.8092,11.5808,12.7867,13.7087,14.6694,14.1055,15.6811,13.2155,13.7578,12.9804,13.3748,15.6498,12.9576,15.4235,13.5966,16.9959,16.6057,16.0941,18.3689,15.8849,15.1242,15.5382,14.9442,15.2147,18.122,16.998,17.4678,17.877,19.3669,19.107,20.4667,18.4913,17.8035,17.7919,18.474,20.4942,19.5461,20.0027,17.8509,20.9562,21.6866,20.7104,22.4965,20.6502,20.3273,19.9929,20.335,20.6178,22.484,20.9319,21.5592,21.9079,23.4417,23.8583,24.5118,22.3465,21.8968,21.8888,22.335,24.4599,23.4175,22.5652,21.8913,-97.0074,-97.0074,-98.2891,-92.386,-92.386,-95.3437,-89.1977,-89.1977,-92.4436,-82.6515,-82.6515,-85.7013,
69,-0.313669,-0.375036,-4.75661,-1.10734,-6.39172,-2.40851,-8.31864,-2.40357,-6.39169,-0.924674,-4.15394,0.228127,1.36911,2.39342,0.609144,0.81619,-4.15735,0.376813,0.377228,-3.94439,0.372635,-0.115218,1.43887,1.69392,3.70981,3.50871,2.47606,5.51502,-0.276257,2.84887,-1.97753,2.84956,-0.135934,5.63743,3.2819,4.48885,5.86095,6.35917,4.44086,8.29249,4.44049,5.37611,5.39605,4.45774,8.99174,4.05429,6.86501,5.23683,7.41947,7.64773,6.57919,10.3279,7.28599,7.93316,3.81234,8.33107,7.52872,10.5066,5.78926,7.26816,9.7059,9.60575,8.18076,11.7078,7.75413,9.81465,10.1839,7.51156,12.6201,8.28178,10.0846,9.17673,13.3043,13.2788,10.912,14.004,9.93944,11.4588,11.4549,11.3267,9.9228,13.8434,11.6,12.797,13.7015,14.6857,14.1296,15.7085,13.2362,13.8836,13.0215,13.4043,15.6697,12.9382,15.4269,13.5864,17.0157,16.6172,16.1501,18.4122,15.9222,15.1711,15.4897,14.9811,15.2234,18.1555,17.0791,17.5043,17.8741,19.4175,19.1067,20.5035,18.54,17.7882,17.7757,18.5241,20.5356,19.6203,20.0863,17.8473,21.0111,21.7225,20.7468,22.5404,20.6758,20.3484,20.0466,20.3603,20.6389,22.5263,20.9778,21.6331,21.9059,23.5244,23.9721,24.5962,22.3829,21.9129,21.9024,22.3687,24.5428,23.4668,22.5775,21.8888,-98.9991,-98.9991,-100.306,-94.328,-94.328,-97.3438,-91.1425,-91.1425,-94.4275,-84.4783,-84.4783,-87.5398,
70,-0.323733,-0.406821,-4.88854,-1.18235,-6.53422,-2.49181,-8.50511,-2.48664,-6.53419,-0.964737,-4.26808,0.234406,1.34828,2.39828,0.596983,0.768411,-4.31879,0.320911,0.321344,-4.09694,0.283947,-0.176335,1.42034,1.68514,3.70562,3.47219,2.46071,5.56026,-0.41226,2.81147,-2.10329,2.81218,-0.266208,5.69612,3.28782,4.50169,5.85919,6.34462,4.42396,8.30936,4.43547,5.36373,5.38419,4.45294,9.04037,4.01618,6.84679,5.21614,7.40352,7.59675,6.56183,10.3266,7.29102,7.80538,3.72917,8.27872,7.55181,10.5007,5.73335,7.19907,9.69953,9.57408,8.1517,11.6746,7.69785,9.82457,10.1927,7.43277,12.643,8.29491,10.1063,9.15553,13.3805,13.2857,10.9198,14.0527,9.91588,11.4027,11.4649,11.3084,9.8992,13.8695,11.6111,12.8074,13.6943,14.7021,14.1537,15.7359,13.2569,13.9856,13.0625,13.4338,15.6895,12.927,15.4303,13.5762,17.0356,16.6286,16.206,18.4555,15.9595,15.2188,15.4642,15.018,15.2401,18.189,17.1602,17.5409,17.8712,19.4681,19.1043,20.5402,18.5802,17.7729,17.7595,18.5669,20.5768,19.6945,20.1699,17.8437,21.068,21.7585,20.7832,22.5843,20.7011,20.3745,20.1003,20.3917,20.6609,22.5685,21.0237,21.707,21.9038,23.6071,24.0859,24.6805,22.4221,21.9301,21.9166,22.4024,24.6257,23.5161,22.5898,21.8863,-100.991,-100.991,-102.323,-96.27,-96.27,-99.3439,-93.0872,-93.0872,-96.4114,-86.3051,-86.3051,-89.3783,
71,-0.333798,-0.438605,-5.02047,-1.25737,-6.67671,-2.57511,-8.69158,-2.56971,-6.67668,-1.0048,-4.38222,0.240684,1.32744,2.40313,0.584823,0.720632,-4.48022,0.26501,0.265461,-4.24949,0.195258,-0.237453,1.40181,1.67636,3.70278,3.43432,2.44535,5.60549,-0.548263,2.77406,-2.22905,2.7748,-0.396482,5.75481,3.29374,4.51453,5.85743,6.33006,4.40707,8.32785,4.43046,5.35136,5.37231,4.44814,9.089,3.97807,6.82567,5.19544,7.38758,7.54576,6.54449,10.3253,7.29442,7.67759,3.64601,8.22498,7.57491,10.4949,5.67744,7.12998,9.69316,9.54241,8.12265,11.6415,7.64158,9.80393,10.1863,7.35399,12.666,8.31095,10.1281,9.13433,13.4567,13.2926,10.9276,14.1015,9.89232,11.3467,11.5054,11.3066,9.87561,13.8848,11.6162,12.8177,13.6871,14.7184,14.1778,15.7633,13.2776,14.0524,13.1036,13.4633,15.7093,12.9217,15.4338,13.566,17.0554,16.64,16.2619,18.4988,15.9968,15.2693,15.4712,15.0549,15.2677,18.2225,17.2413,17.5774,17.8683,19.5187,19.1019,20.577,18.6098,17.7575,17.7432,18.5998,20.6179,19.7686,20.2535,17.8402,21.125,21.7944,20.8196,22.6283,20.7262,20.408,20.154,20.4318,20.6842,22.6108,21.0696,21.7805,21.9017,23.6898,24.1997,24.7649,22.4639,21.948,21.9307,22.4361,24.7086,23.5658,22.6021,21.8839,-102.983,-102.983,-104.339,-98.212,-98.212,-101.344,-95.032,-95.032,-98.3953,-88.1319,-88.1319,-91.2168,
72,-0.343863,-0.47039,-5.15241,-1.33239,-6.81921,-2.65841,-8.87804,-2.65279,-6.81918,-1.04486,-4.49636,0.246963,1.3066,2.40799,0.572663,0.672853,-4.64165,0.209108,0.209577,-4.40204,0.10657,-0.298571,1.38328,1.66757,3.70136,3.39504,2.43,5.65072,-0.684266,2.73665,-2.35482,2.73741,-0.526755,5.8135,3.29966,4.52737,5.85567,6.3155,4.39018,8.34802,4.42544,5.33899,5.3583,4.44334,9.13763,3.93996,6.80428,5.17474,7.37163,7.49478,6.52715,10.324,7.29615,7.54981,3.56284,8.17123,7.598,10.4891,5.62152,7.06089,9.68678,9.51074,8.09359,11.6084,7.58531,9.75694,10.1664,7.27735,12.6889,8.32725,10.1499,9.11313,13.5328,13.2995,10.9354,14.1502,9.86877,11.2907,11.5723,11.3184,9.85201,13.8887,11.6186,12.8281,13.6799,14.7348,14.2019,15.7907,13.2983,14.0806,13.1446,13.4927,15.7292,12.9191,15.4372,13.5558,17.0752,16.6514,16.3179,18.5422,16.0342,15.3237,15.5138,15.0909,15.3066,18.256,17.3224,17.6139,17.8653,19.5693,19.0995,20.6137,18.629,17.7422,17.727,18.6223,20.659,19.8428,20.3372,17.8366,21.182,21.8303,20.856,22.6722,20.7516,20.4485,20.2077,20.4806,20.7091,22.653,21.1156,21.8517,21.8996,23.7725,24.3135,24.8492,22.5073,21.9675,21.9448,22.4698,24.7916,23.6178,22.6144,21.8814,-104.975,-104.975,-106.356,-100.154,-100.154,-103.344,-96.9767,-96.9767,-100.379,-89.9587,-89.9587,-93.0553,
73,-0.353928,-0.502174,-5.28434,-1.4074,-6.9617,-2.74171,-9.06451,-2.73586,-6.96167,-1.08493,-4.6105,0.253242,1.28577,2.41285,0.560502,0.625074,-4.80308,0.153206,0.153693,-4.55459,0.0178813,-0.359688,1.36475,1.65879,3.70104,3.35465,2.41464,5.69596,-0.820269,2.69924,-2.48058,2.70003,-0.657029,5.87219,3.30558,4.5402,5.85392,6.30093,4.37329,8.36958,4.42042,5.32662,5.33639,4.43855,9.18627,3.90184,6.7829,5.15404,7.35568,7.4438,6.50982,10.3227,7.2965,7.42202,3.47967,8.11748,7.62109,10.4833,5.56561,6.9918,9.68041,9.47907,8.06454,11.5752,7.52903,9.69351,10.1385,7.20861,12.7119,8.34355,10.1716,9.09193,13.609,13.3063,10.9431,14.199,9.84521,11.2347,11.6556,11.3381,9.82841,13.8829,11.6208,12.8384,13.6726,14.7511,14.226,15.8181,13.319,14.0747,13.1856,13.5222,15.749,12.9168,15.4406,13.5456,17.0951,16.6628,16.3738,18.5855,16.0715,15.382,15.5885,15.125,15.3552,18.2896,17.4035,17.6505,17.8624,19.6199,19.0971,20.6505,18.6399,17.7269,17.7107,18.6363,20.7002,19.917,20.4208,17.833,21.2389,21.8663,20.8924,22.7161,20.7774,20.4934,20.2614,20.5362,20.7355,22.6953,21.1615,21.9181,21.8975,23.8552,24.4273,24.9336,22.5509,21.9902,21.9592,22.5035,24.8745,23.6746,22.6267,21.8789,-106.966,-106.966,-108.373,-102.096,-102.096,-105.344,-98.9215,-98.9215,-102.363,-91.7855,-91.7855,-94.8937,
74,-0.363992,-0.533958,-5.41627,-1.48242,-7.1042,-2.82501,-9.25098,-2.81893,-7.10416,-1.12499,-4.72464,0.259521,1.26493,2.4177,0.548342,0.577296,-4.96451,0.0973048,0.0978095,-4.70713,-0.0708072,-0.420806,1.34622,1.65001,3.70118,3.3138,2.39929,5.74119,-0.956272,2.66183,-2.60635,2.66265,-0.787303,5.93088,3.3115,4.55304,5.85216,6.28637,4.35639,8.39193,4.41541,5.31425,5.30193,4.43375,9.2349,3.86373,6.76151,5.13334,7.33974,7.39281,6.49248,10.3213,7.29604,7.29423,3.39651,8.06373,7.64419,10.4775,5.5097,6.92271,9.67404,9.4474,8.03548,11.5421,7.47276,9.62596,10.1089,7.15241,12.7348,8.35986,10.1934,9.07073,13.6852,13.3132,10.9509,14.2475,9.82165,11.1787,11.743,11.3596,9.80482,13.8711,11.623,12.8488,13.6654,14.7675,14.2501,15.8455,13.3397,14.0461,13.2267,13.5517,15.7688,12.9144,15.444,13.5354,17.1149,16.6743,16.4297,18.6288,16.1091,15.443,15.6864,15.1557,15.4099,18.3231,17.4846,17.687,17.8595,19.6705,19.0947,20.6872,18.6461,17.7116,17.6945,18.6454,20.7413,19.9912,20.5044,17.8294,21.2959,21.9022,20.9288,22.76,20.8034,20.5379,20.3132,20.5938,20.7629,22.7375,21.2074,21.9784,21.8954,23.9379,24.5411,25.0179,22.5945,22.0185,21.9766,22.5372,24.9574,23.7375,22.639,21.8764,-108.958,-108.958,-110.39,-104.038,-104.038,-107.344,-100.866,-100.866,-104.347,-93.6123,-93.6123,-96.7322,
75,-0.374057,-0.565743,-5.54821,-1.55744,-7.24669,-2.90832,-9.43745,-2.902,-7.24666,-1.16505,-4.83878,0.2658,1.24409,2.42256,0.536181,0.529517,-5.12595,0.0414031,0.0419259,-4.85968,-0.159496,-0.481923,1.32769,1.64122,3.70134,3.27293,2.38393,5.78642,-1.09228,2.62443,-2.73211,2.62526,-0.917577,5.98957,3.31742,4.56588,5.8504,6.2718,4.3395,8.41443,4.41039,5.30188,5.25278,4.42895,9.28353,3.82562,6.74012,5.11264,7.32379,7.34183,6.47514,10.32,7.29544,7.16645,3.31334,8.00996,7.66728,10.4717,5.45379,6.85362,9.66767,9.41573,8.00643,11.509,7.41648,9.55842,10.0792,7.11091,12.7578,8.37616,10.2151,9.04953,13.7614,13.3201,10.9587,14.2933,9.7981,11.1226,11.8305,11.3811,9.78122,13.8577,11.6252,12.8591,13.6582,14.7838,14.2742,15.8729,13.3604,14.0101,13.2677,13.5812,15.7887,12.912,15.4474,13.5252,17.1347,16.6857,16.4857,18.6721,16.1494,15.5046,15.7954,15.1823,15.4661,18.3566,17.5657,17.7236,17.8566,19.7212,19.0923,20.7239,18.6511,17.6962,17.6783,18.6537,20.7823,20.0653,20.588,17.8259,21.3529,21.9381,20.9652,22.8039,20.8294,20.5773,20.3585,20.648,20.7909,22.7798,21.2533,22.0324,21.8934,24.0206,24.6549,25.1022,22.6381,22.0558,22.0018,22.5709,25.0403,23.8067,22.6513,21.8739,-110.95,-110.95,-112.406,-105.98,-105.98,-109.345,-102.811,-102.811,-106.331,-95.4391,-95.4391,-98.5707,
76,-0.384122,-0.597527,-5.68014,-1.63245,-7.38919,-2.99162,-9.62392,-2.98507,-7.38915,-1.20512,-4.95292,0.272078,1.22326,2.42742,0.524021,0.481738,-5.28738,-0.0144986,-0.0139577,-5.01223,-0.248184,-0.543041,1.30916,1.63244,3.7015,3.23206,2.36858,5.83165,-1.22828,2.58702,-2.85787,2.58788,-1.04785,6.04826,3.32334,4.57872,5.84864,6.25724,4.32261,8.43694,4.40537,5.28951,5.18968,4.42415,9.33216,3.78751,6.71874,5.09195,7.30784,7.29084,6.4578,10.3187,7.29484,7.03866,3.23018,7.95356,7.69038,10.4658,5.39788,6.78453,9.66129,9.38406,7.97738,11.4758,7.36021,9.4935,10.0496,7.08336,12.7807,8.39246,10.2369,9.02833,13.8376,13.327,10.9665,14.3336,9.77454,11.0666,11.9179,11.4026,9.75762,13.8443,11.6274,12.8695,13.651,14.8002,14.2983,15.9003,13.3811,13.9739,13.3077,13.6107,15.8085,12.9096,15.4508,13.515,17.1546,16.6971,16.5416,18.7154,16.1952,15.5663,15.9085,15.2051,15.5223,18.3901,17.6468,17.7601,17.8537,19.7718,19.09,20.7605,18.6561,17.6809,17.6628,18.6619,20.8234,20.1395,20.6716,17.8223,21.4098,21.974,21.0016,22.8478,20.8556,20.6106,20.3937,20.6966,20.819,22.8221,21.2992,22.0812,21.8913,24.1033,24.7688,25.1866,22.6817,22.1037,22.0379,22.6045,25.1233,23.8812,22.6636,21.8715,-112.942,-112.942,-114.423,-107.922,-107.922,-111.345,-104.756,-104.756,-108.315,-97.2659,-97.2659,-100.409,
77,-0.394187,-0.629312,-5.81207,-1.70747,-7.53168,-3.07492,-9.81039,-3.06815,-7.53165,-1.24518,-5.06706,0.278357,1.20242,2.43227,0.511861,0.433959,-5.44881,-0.0704016,-0.0698401,-5.16478,-0.336872,-0.604159,1.29062,1.62365,3.70166,3.19119,2.35322,5.87689,-1.36428,2.54961,-2.98364,2.5505,-1.17812,6.10695,3.32926,4.59156,5.84688,6.24267,4.30571,8.45944,4.40036,5.27714,5.11617,4.41935,9.38079,3.7494,6.69735,5.07125,7.2919,7.23986,6.44047,10.3174,7.29423,6.91087,3.14701,7.88741,7.71347,10.46,5.34197,6.71544,9.65492,9.35239,7.94832,11.4427,7.30393,9.43833,10.02,7.06622,12.8036,8.40877,10.2587,9.00713,13.9138,13.3338,10.9743,14.3669,9.75098,11.0106,12.0054,11.4241,9.73403,13.831,11.6296,12.8798,13.6438,14.8165,14.3224,15.9278,13.4018,13.9377,13.3455,13.6402,15.8283,12.9073,15.4542,13.5049,17.1744,16.7085,16.5975,18.7588,16.2479,15.6279,16.0166,15.2266,15.5785,18.4236,17.728,17.7966,17.8508,19.8224,19.0876,20.7967,18.6611,17.6656,17.656,18.6702,20.8645,20.2137,20.7552,17.8187,21.4668,22.01,21.038,22.8917,20.882,20.6388,20.4185,20.7392,20.847,22.8649,21.3452,22.1268,21.8892,24.186,24.8826,25.2709,22.7253,22.1612,22.0858,22.6377,25.2062,23.9587,22.6759,21.869,-114.934,-114.934,-116.44,-109.864,-109.864,-113.345,-106.701,-106.701,-110.299,-99.0926,-99.0926,-102.248,
78,-0.404251,-0.661096,-5.94401,-1.78249,-7.67418,-3.15822,-9.99686,-3.15122,-7.67414,-1.28524,-5.18119,0.284636,1.18158,2.43713,0.4997,0.38618,-5.61024,-0.126309,-0.125718,-5.31733,-0.425561,-0.665276,1.27209,1.61487,3.70182,3.15032,2.33787,5.92212,-1.50028,2.5122,-3.1094,2.51311,-1.3084,6.16564,3.33518,4.60439,5.84513,6.22811,4.28882,8.48195,4.39534,5.26477,5.03783,4.41455,9.42943,3.71129,6.67596,5.05055,7.27595,7.18888,6.42313,10.3161,7.29363,6.78309,3.06384,7.80582,7.73656,10.4542,5.28606,6.64635,9.64855,9.32072,7.91927,11.4096,7.24766,9.39861,9.99035,7.05391,12.8266,8.42507,10.2804,8.98593,13.9899,13.3407,10.9821,14.3934,9.72742,10.9546,12.09,11.4456,9.71043,13.8176,11.6318,12.8902,13.6366,14.8328,14.3465,15.9552,13.4225,13.9043,13.3801,13.6697,15.8482,12.9049,15.4576,13.4947,17.1942,16.7199,16.6535,18.8021,16.3075,15.6895,16.1077,15.2499,15.6347,18.4572,17.8091,17.8332,17.8479,19.873,19.0852,20.8326,18.6662,17.6503,17.6676,18.6784,20.9056,20.2878,20.8389,17.8152,21.5238,22.0459,21.0744,22.9359,20.9088,20.664,20.4361,20.7763,20.8751,22.9089,21.3911,22.1717,21.8871,24.2688,24.9964,25.3553,22.7687,22.2249,22.1435,22.6696,25.2891,24.037,22.6882,21.8665,-116.925,-116.925,-118.457,-111.806,-111.806,-115.345,-108.645,-108.645,-112.283,-100.919,-100.919,-104.086,
79,-0.414316,-0.692881,-6.07594,-1.85751,-7.81667,-3.24152,-10.1833,-3.23429,-7.81664,-1.3253,-5.29533,0.290915,1.16074,2.44199,0.48754,0.338402,-5.77168,-0.182225,-0.181587,-5.46987,-0.514249,-0.726394,1.25356,1.60609,3.70198,3.10945,2.32251,5.96735,-1.63629,2.47479,-3.23516,2.47573,-1.43867,6.22433,3.3411,4.61723,5.84337,6.21355,4.27193,8.50445,4.39033,5.2524,4.95903,4.40975,9.47806,3.67318,6.65457,5.02985,7.26001,7.13789,6.40579,10.3148,7.29302,6.6553,2.98068,7.70649,7.75966,10.4484,5.23015,6.57726,9.64218,9.28905,7.89021,11.3764,7.19138,9.37662,9.96072,7.04205,12.8495,8.44137,10.3022,8.96473,14.0661,13.3476,10.9899,14.4147,9.70387,10.8986,12.1631,11.467,9.68684,13.8043,11.6339,12.9006,13.6294,14.8492,14.3706,15.9826,13.4432,13.8825,13.4111,13.6992,15.868,12.9025,15.4611,13.4845,17.2141,16.7314,16.7094,18.8454,16.3722,15.7512,16.174,15.2766,15.6909,18.4907,17.8902,17.8697,17.845,19.9236,19.0828,20.8683,18.6712,17.6354,17.7036,18.6866,20.9468,20.362,20.9225,17.8116,21.5807,22.0818,21.1109,22.9809,20.9358,20.6885,20.4516,20.8088,20.903,22.9547,21.437,22.2167,21.885,24.3515,25.1102,25.4396,22.8112,22.2902,22.2068,22.6997,25.3721,24.1153,22.7005,21.864,-118.917,-118.917,-120.473,-113.748,-113.748,-117.345,-110.59,-110.59,-114.267,-102.746,-102.746,-105.925,
80,-0.424381,-0.724665,-6.20787,-1.93252,-7.95917,-3.32482,-10.3698,-3.31736,-7.95913,-1.36537,-5.40947,0.297194,1.13991,2.44684,0.47538,0.290623,-5.93311,-0.238152,-0.237446,-5.62242,-0.602938,-0.787512,1.23503,1.5973,3.70214,3.06858,2.30716,6.01259,-1.77229,2.43739,-3.36093,2.43835,-1.56895,6.28302,3.34698,4.62988,5.84161,6.19898,4.25503,8.52695,4.38531,5.24002,4.88024,4.40495,9.52669,3.63507,6.63319,5.00915,7.24406,7.08691,6.38846,10.3135,7.29242,6.52693,2.89751,7.59202,7.78275,10.4426,5.17428,6.50837,9.6358,9.25738,7.86116,11.3433,7.13511,9.37035,9.93108,7.03019,12.8725,8.45768,10.324,8.94353,14.1423,13.3545,10.9977,14.434,9.68031,10.8426,12.2173,11.4885,9.66324,13.7909,11.6344,12.9127,13.6222,14.8655,14.3947,16.01,13.4639,13.8795,13.4392,13.7287,15.8878,12.9002,15.4645,13.4743,17.2339,16.7428,16.7653,18.8887,16.439,15.8128,16.211,15.3064,15.7471,18.5242,17.9713,17.9062,17.842,19.9742,19.0804,20.9038,18.6762,17.6243,17.7642,18.6957,20.988,20.4362,21.0061,17.808,21.6377,22.1177,21.1473,23.0269,20.963,20.713,20.4671,20.8385,20.931,23.0027,21.4829,22.2616,21.883,24.4342,25.224,25.524,22.8528,22.3559,22.2726,22.7277,25.455,24.1936,22.7128,21.8615,-120.909,-120.909,-122.49,-115.69,-115.69,-119.345,-112.535,-112.535,-116.25,-104.573,-104.573,-107.763,
