
1,0,2,4,6,8,10,12,14,16,18,20,22,1,3,5,7,9,11,13,15,17,19,21,23,0,2,4,6,8,10,12,14,16,18,20,22,1,3,5,7,9,11,13,15,17,19,21,23,0,2,4,6,8,10,12,14,16,18,20,22,1,3,5,7,9,11,13,15,17,19,21,23,0,2,4,6,8,10,12,14,16,18,20,22,1,3,5,7,9,11,13,15,17,19,21,23,0,2,4,6,8,10,12,14,16,18,20,22,1,3,5,7,9,11,13,15,17,19,21,23,0,2,4,6,8,10,12,14,16,18,20,22,1,3,5,7,9,11,13,15,17,19,21,23,14,10,12,14,10,12,14,10,12,14,10,12,
2,0,2,4,6,8,10,12,14,16,18,20,22,1,3,5,7,9,11,13,15,17,19,21,23,0,2,4,6,8,10,12,14,16,18,20,22,1,3,5,7,9,11,13,15,17,19,21,23,0,2,4,6,8,10,12,14,16,18,20,22,1,3,5,7,9,11,13,15,17,19,21,23,0,2,4,6,8,10,12,14,16,18,20,22,1,3,5,7,9,11,13,15,17,19,21,23,0,2,4,6,8,10,12,14,16,18,20,22,1,3,5,7,9,11,13,15,17,19,21,23,0,2,4,6,8,10,12,14,16,18,20,22,1,3,5,7,9,11,13,15,17,19,21,23,14,10,12,14,10,12,14,10,12,14,10,12,
3,0,2,4,6,8,10,12,14,16,18,20,22,1,3,5,7,9,11,13,15,17,19,21,23,0,2,4,6,8,10,12,14,16,18,20,22,1,3,5,7,9,11,13,15,17,19,21,23,0,2,4,6,8,10,12,14,16,18,20,22,1,3,5,7,9,11,13,15,17,19,21,23,0,2,4,6,8,10,12,14,16,18,20,22,1,3,5,7,9,11,13,15,17,19,21,23,0,2,4,6,8,10,12,14,16,18,20,22,1,3,5,7,9,11,13,15,17,19,21,23,0,2,4,6,8,10,12,14,16,18,20,22,1,3,5,7,9,11,13,15,17,19,21,23,14,10,12,14,10,12,14,10,12,14,10,12,
4,0,2,4,6,8,10,12,14,16,18,20,22,1,3,5,7,9,11,13,15,17,19,21,23,0,2,4,6,8,10,12,14,16,18,20,22,1,3,5,7,9,11,13,15,17,19,21,23,0,2,4,6,8,10,12,14,16,18,20,22,1,3,5,7,9,11,13,15,17,19,21,23,0,2,4,6,8,10,12,14,16,18,20,22,1,3,5,7,9,11,13,15,17,19,21,23,0,2,4,6,8,10,12,14,16,18,20,22,1,3,5,7,9,11,13,15,17,19,21,23,0,2,4,6,8,10,12,14,16,18,20,22,1,3,5,7,9,11,13,15,17,19,21,23,14,10,12,14,10,12,14,10,12,14,10,12,
5,0,2,4,6,8,10,12,14,16,18,20,22,1,3,5,7,9,11,13,15,17,19,21,23,0,2,4,6,8,10,12,14,16,18,20,22,1,3,5,7,9,11,13,15,17,19,21,23,0,2,4,6,8,10,12,14,16,18,20,22,1,3,5,7,9,11,13,15,17,19,21,23,0,2,4,6,8,10,12,14,16,18,20,22,1,3,5,7,9,11,13,15,17,19,21,23,0,2,4,6,8,10,12,14,16,18,20,22,1,3,5,7,9,11,13,15,17,19,21,23,0,2,4,6,8,10,12,14,16,18,20,22,1,3,5,7,9,11,13,15,17,19,21,23,14,10,12,14,10,12,14,10,12,14,10,12,
6,0,2,4,6,8,10,12,14,16,18,20,22,1,3,5,7,9,11,13,15,17,19,21,23,0,2,4,6,8,10,12,14,16,18,20,22,1,3,5,7,9,11,13,15,17,19,21,23,0,2,4,6,8,10,12,14,16,18,20,22,1,3,5,7,9,11,13,15,17,19,21,23,0,2,4,6,8,10,12,14,16,18,20,22,1,3,5,7,9,11,13,15,17,19,21,23,0,2,4,6,8,10,12,14,16,18,20,22,1,3,5,7,9,11,13,15,17,19,21,23,0,2,4,6,8,10,12,14,16,18,20,22,1,3,5,7,9,11,13,15,17,19,21,23,14,10,12,14,10,12,14,10,12,14,10,12,
7,0,2,4,6,8,10,12,14,16,18,20,22,1,3,5,7,9,11,13,15,17,19,21,23,0,2,4,6,8,10,12,14,16,18,20,22,1,3,5,7,9,11,13,15,17,19,21,23,0,2,4,6,8,10,12,14,16,18,20,22,1,3,5,7,9,11,13,15,17,19,21,23,0,2,4,6,8,10,12,14,16,18,20,22,1,3,5,7,9,11,13,15,17,19,21,23,0,2,4,6,8,10,12,14,16,18,20,22,1,3,5,7,9,11,13,15,17,19,21,23,0,2,4,6,8,10,12,14,16,18,20,22,1,3,5,7,9,11,13,15,17,19,21,23,14,10,12,14,10,12,14,10,12,14,10,12,
8,0,2,4,6,8,10,12,14,16,18,20,22,1,3,5,7,9,11,13,15,17,19,21,23,0,2,4,6,8,10,12,14,16,18,20,22,1,3,5,7,9,11,13,15,17,19,21,23,0,2,4,6,8,10,12,14,16,18,20,22,1,3,5,7,9,11,13,15,17,19,21,23,0,2,4,6,8,10,12,14,16,18,20,22,1,3,5,7,9,11,13,15,17,19,21,23,0,2,4,6,8,10,12,14,16,18,20,22,1,3,5,7,9,11,13,15,17,19,21,23,0,2,4,6,8,10,12,14,16,18,20,22,1,3,5,6.99996,8.98766,11,13,15.0123,17,19,21,23,14,10,12,14,10,12,14,10,12,14,10,12,
9,0,2,4,6,8,10,12,14,16,18,20,22,1,3,5,7,9,11,13,15,17,19,21,23,0,2,4,6,8,10,12,14,16,18,20,22,1,3,5,7,9,11,13,15,17,19,21,23,0,2,4,6,8,10,12,14,16,18,20,22,1,3,5,7,9,11,13,15,17,19,21,23,0,2,4,6,8,10,12,14,16,18,20,22,1,3,5,7,9,11,13,15,17,19,21,23,0,2,4,6,8,10,12,14,16,18,20,22,1,3,5,7,9,11,13,15,17,19,21,23,0,2,4,6,8,10,12,14,16,18,20,22,1,3,4.99998,6.99801,8.90045,11,13,15.0996,17.002,19,21,23,14.0014,9.99858,12,14.0002,9.99984,12,14,10,12,14,10,12,
10,0,2,4,6,8,10,12,14,16,18,20,22,1,3,5,7,9,11,13,15,17,19,21,23,0,2,4,6,8,10,12,14,16,18,20,22,1,3,5,7,9,11,13,15,17,19,21,23,0,2,4,6,8,10,12,14,16,18,20,22,1,3,5,7,9,11,13,15,17,19,21,23,0,2,4,6,8,10,12,14,16,18,20,22,1,3,5,7,9,11,13,15,17,19,21,23,0,2,4,6,8,10,12,14,16,18,20,22,1,3,5,6.99997,8.98979,10.9999,13.0001,15.0102,17,19,21,23,-1.61485e-15,2,4,6,7.99999,10.0024,12,13.9976,16,18,20,22,1,3,4.99969,6.98607,8.741,10.9999,13.0001,15.259,17.0139,19.0003,21,23,14.0063,9.99367,12,14.0074,9.99263,12,14.0015,9.99853,12,14,10,12,
11,0,2,4,6,8,10,12,14,16,18,20,22,1,3,5,7,9,11,13,15,17,19,21,23,0,2,4,6,8,10,12,14,16,18,20,22,1,3,5,7,9,11,13,15,17,19,21,23,0,2,4,6,8,10,12,14,16,18,20,22,1,3,5,7,9,11,13,15,17,19,21,23,0,2,4,6,8,10,12,14,16,18,20,22,1,3,5,7,9,11,13,15,17,19,21,23,0,2,4,6,8,10.0003,12,13.9997,16,18,20,22,1,3,4.99999,6.99825,8.90669,10.9993,13.0007,15.0933,17.0017,19,21,23,-9.90926e-13,2,4,6,7.99989,10.0162,12,13.9838,16.0001,18,20,22,0.999999,2.99995,4.9979,6.9511,8.53934,10.9995,13.0005,15.4607,17.0489,19.0021,21,23,14.0124,9.9876,12,14.0291,9.97094,12,14.0209,9.97914,12,14.0038,9.99617,12,
12,0,2,4,6,8,10,12,14,16,18,20,22,1,3,5,7,9,11,13,15,17,19,21,23,0,2,4,6,8,10,12,14,16,18,20,22,1,3,5,7,9,11,13,15,17,19,21,23,0,2,4,6,8,10,12,14,16,18,20,22,1,3,5,7,9,11,13,15,17,19,21,23,0,2,4,6,8,10,12,14,16,18,20,22,1,3,5,6.99998,8.99141,10.9997,13.0003,15.0086,17,19,21,23,-2.72436e-14,2,4,6,7.99979,10.0139,12,13.9861,16.0002,18,20,22,1,3,4.99973,6.98709,8.74795,10.9965,13.0035,15.252,17.0129,19.0003,21,23,-4.95518e-11,2,4,5.99998,7.99906,10.0592,12,13.9408,16.0009,18,20,22,0.999992,2.99967,4.99141,6.88037,8.33543,10.9983,13.0017,15.6646,17.1196,19.0086,21.0003,23,14.0313,9.96871,12,14.0573,9.94267,12,14.0756,9.92442,12,14.0403,9.95968,12,
13,0,2,4,6,8,10,12,14,16,18,20,22,1,3,5,7,9,11,13,15,17,19,21,23,0,2,4,6,8,10,12,14,16,18,20,22,1,3,5,7,9,11,13,15,17,19,21,23,0,2,4,6,8,10,12,14,16,18,20,22,1,3,5,7,9,11,13,15,17,19,21,23,0,2,4,6,7.99999,10.001,12,13.999,16,18,20,22,1,3,4.99999,6.99843,8.91077,10.9965,13.0035,15.0892,17.0016,19,21,23,-1.99883e-11,2,4,5.99995,7.99759,10.0708,12,13.9292,16.0024,18,20,22,0.999999,2.99996,4.99806,6.9533,8.53792,10.9882,13.0118,15.4621,17.0467,19.0019,21,23,-1.00386e-09,2,4,5.99985,7.99619,10.1508,12,13.8492,16.0038,18.0002,20,22,0.999946,2.99853,4.97445,6.76779,8.18047,10.9964,13.0036,15.8195,17.2322,19.0255,21.0015,23.0001,14.0513,9.94869,12,14.1251,9.87491,12,14.1488,9.85121,12,14.1378,9.86222,12,
14,0,2,4,6,8,10,12,14,16,18,20,22,1,3,5,7,9,11,13,15,17,19,21,23,0,2,4,6,8,10,12,14,16,18,20,22,1,3,5,7,9,11,13,15,17,19,21,23,0,2,4,6,8,10,12,14,16,18,20,22,1,3,5,6.99998,8.99256,10.9991,13.0009,15.0074,17,19,21,23,-1.89187e-13,2,4,5.99998,7.99827,10.0369,12,13.9631,16.0017,18,20,22,1,3,4.99975,6.98775,8.74745,10.9836,13.0164,15.2525,17.0123,19.0002,21,23,-1.01898e-09,2,3.99999,5.9996,7.98759,10.2022,12,13.7978,16.0124,18.0004,20,22,0.999993,2.9997,4.99188,6.88313,8.31198,10.9703,13.0297,15.688,17.1169,19.0081,21.0003,23,-1.22524e-08,2,3.99998,5.99937,7.99267,10.2454,12,13.7546,16.0073,18.0006,20,22,0.999741,2.995,4.93922,6.61885,8.08359,10.9945,13.0055,15.9164,17.3812,19.0608,21.005,23.0003,14.1007,9.89929,12,14.1999,9.80015,12,14.2844,9.71557,12,14.271,9.72897,12,
15,0,2,4,6,8,10,12,14,16,18,20,22,1,3,5,7,9,11,13,15,17,19,21,23,0,2,4,6,8,10,12,14,16,18,20,22,1,3,5,7,9,11,13,15,17,19,21,23,0,2,4,6,7.99991,10.0024,12,13.9976,16.0001,18,20,22,1,3,4.99999,6.99854,8.91147,10.9896,13.0104,15.0885,17.0015,19,21,23,-1.40366e-10,2,4,5.99969,7.98554,10.1484,12,13.8516,16.0145,18.0003,20,22,0.999999,2.99996,4.99817,6.95415,8.5153,10.949,13.051,15.4847,17.0459,19.0018,21,23,-1.98753e-08,2,3.99994,5.99794,7.96162,10.4043,12,13.5957,16.0384,18.0021,20.0001,22,0.999951,2.99862,4.97539,6.76836,8.13177,10.9476,13.0524,15.8682,17.2316,19.0246,21.0014,23,-1.05228e-07,2,3.99989,5.99831,7.98932,10.3156,12,13.6844,16.0107,18.0017,20.0001,22,0.999022,2.98623,4.87777,6.44995,8.03911,10.9925,13.0075,15.9609,17.55,19.1222,21.0138,23.001,14.1511,9.8489,12,14.3256,9.67442,12,14.4327,9.56733,12,14.4681,9.53195,12,
16,0,2,4,6,8,10,12,14,16,18,20,22,1,3,5,7,9,11,13,15,17,19,21,23,0,2,4,6,8,10,12,14,16,18,20,22,1,3,5,6.99998,8.9935,10.9981,13.0019,15.0065,17,19,21,23,-1.05382e-12,2,4,5.99992,7.9922,10.0651,12,13.9349,16.0078,18.0001,20,22,1,3,4.99976,6.98793,8.7376,10.9544,13.0456,15.2624,17.0121,19.0002,21,23,-7.12041e-09,2,3.99995,5.99778,7.94357,10.3424,12,13.6576,16.0564,18.0022,20,22,0.999993,2.99972,4.99211,6.88166,8.24135,10.8841,13.1159,15.7587,17.1183,19.0079,21.0003,23,-2.22523e-07,1.99999,3.99966,5.99292,7.93408,10.5946,12,13.4054,16.0659,18.0071,20.0003,22,0.999758,2.99523,4.94047,6.61253,8.01436,10.9254,13.0746,15.9856,17.3875,19.0595,21.0048,23.0002,-6.68261e-07,1.99998,3.99966,5.9966,7.98656,10.3542,12,13.6458,16.0134,18.0034,20.0003,22,0.996955,2.96778,4.78494,6.28387,8.03446,10.9906,13.0094,15.9655,17.7161,19.2151,21.0322,23.003,14.2448,9.75521,12,14.4509,9.54915,12,14.6154,9.38462,12,14.6718,9.32825,12,
17,0,2,4,6,8,10,12,14,16,18,20,22,1,3,5,7,9,11,13,15,17,19,21,23,-5.70655e-19,2,4,6,7.99952,10.004,12,13.996,16.0005,18,20,22,1,3,4.99999,6.99861,8.91067,10.9766,13.0234,15.0893,17.0014,19,21,23,-6.24007e-10,2,3.99998,5.99883,7.95529,10.2156,12,13.7844,16.0447,18.0012,20,22,0.999999,2.99996,4.9982,6.95336,8.48034,10.873,13.127,15.5197,17.0466,19.0018,21,23,-1.30107e-07,1.99999,3.99965,5.99036,7.85751,10.5654,12,13.4346,16.1425,18.0096,20.0003,22,0.999954,2.99866,4.9755,6.75811,8.00493,10.8072,13.1928,15.9951,17.2419,19.0245,21.0013,23,-1.69094e-06,1.99994,3.99872,5.98283,7.91189,10.7242,12,13.2758,16.0881,18.0172,20.0013,22.0001,0.999073,2.98667,4.87845,6.43146,7.95539,10.9038,13.0962,16.0446,17.5685,19.1216,21.0133,23.0009,-3.24781e-06,1.99993,3.99915,5.99439,7.98448,10.357,12,13.643,16.0155,18.0056,20.0009,22.0001,0.991867,2.93394,4.6611,6.14354,8.05361,10.9887,13.0113,15.9464,17.8565,19.3389,21.0661,23.0081,14.3357,9.66434,12,14.6036,9.39644,12,14.7749,9.22508,12,14.8712,9.12881,12,
18,0,2,4,6,8,10,12,14,16,18,20,22,1,3,5,6.99999,8.99489,10.9967,13.0033,15.0051,17,19,21,23,-4.49128e-12,2,4,5.99977,7.97905,10.0823,12,13.9177,16.021,18.0002,20,22,1,3,4.99977,6.988,8.73181,10.9084,13.0916,15.2682,17.012,19.0002,21,23,-2.98843e-08,2,3.99982,5.99312,7.86464,10.4222,12,13.5778,16.1354,18.0069,20.0002,22,0.999994,2.99972,4.99205,6.87681,8.16442,10.7374,13.2626,15.8356,17.1232,19.0079,21.0003,23,-1.33604e-06,1.99994,3.99837,5.97079,7.76531,10.7407,12,13.2593,16.2347,18.0292,20.0016,22.0001,0.999767,2.9953,4.93935,6.58352,7.84233,10.7309,13.2691,16.1577,17.4165,19.0606,21.0047,23.0002,-9.51561e-06,1.99977,3.99628,5.96745,7.89643,10.7815,12,13.2185,16.1036,18.0326,20.0037,22.0002,0.997078,2.9684,4.78311,6.24897,7.94251,10.8828,13.1172,16.0575,17.751,19.2169,21.0316,23.0029,-1.25739e-05,1.99981,3.99825,5.99193,7.98294,10.3239,12,13.6761,16.0171,18.0081,20.0018,22.0002,0.980856,2.87871,4.51381,6.04593,8.08083,10.9868,13.0132,15.9192,17.9541,19.4862,21.1213,23.0191,14.4637,9.53627,12,14.7334,9.26661,12,14.9117,9.08831,12,15.0182,8.98177,12,
19,-1.46838e-17,2,4,6,7.99875,10.0044,12,13.9956,16.0013,18,20,22,1,3,4.99999,6.99876,8.91431,10.9594,13.0406,15.0857,17.0012,19,21,23,-1.91289e-09,2,3.99996,5.99711,7.91023,10.2436,12,13.7564,16.0898,18.0029,20,22,1,2.99996,4.99822,6.95309,8.47475,10.7773,13.2227,15.5253,17.0469,19.0018,21,23,-5.01334e-07,1.99997,3.99891,5.97493,7.71339,10.6061,12,13.3939,16.2866,18.0251,20.0011,22,0.999955,2.99866,4.97484,6.74334,7.87232,10.5809,13.4191,16.1277,17.2567,19.0252,21.0013,23,-9.26305e-06,1.99973,3.99439,5.93389,7.69287,10.8425,12,13.1575,16.3071,18.0661,20.0056,22.0003,0.999094,2.98662,4.87341,6.37299,7.75171,10.6544,13.3456,16.2483,17.627,19.1266,21.0134,23.0009,-4.18554e-05,1.99926,3.99132,5.94813,7.88765,10.7617,12,13.2383,16.1123,18.0519,20.0087,22.0008,0.992109,2.93442,4.6538,6.0906,7.95884,10.8618,13.1382,16.0412,17.9094,19.3462,21.0656,23.0079,-4.02935e-05,1.99955,3.99688,5.98928,7.98168,10.2585,12,13.7415,16.0183,18.0107,20.0031,22.0005,0.959499,2.79749,4.35734,5.99348,8.10842,10.9849,13.0151,15.8916,18.0065,19.6427,21.2025,23.0405,14.5762,9.42383,12,14.8507,9.14931,12,14.9964,9.0036,12,15.0973,8.90268,12,
20,-1.17448e-11,2,4,5.99955,7.96291,10.0809,12,13.9191,16.0371,18.0004,20,22,1,3,4.9998,6.98889,8.75215,10.8576,13.1424,15.2479,17.0111,19.0002,21,23,-8.26054e-08,1.99999,3.99957,5.98567,7.77745,10.4364,12,13.5636,16.2225,18.0143,20.0004,22,0.999994,2.99972,4.99204,6.87565,8.1621,10.5912,13.4088,15.8379,17.1244,19.008,21.0003,23,-4.65926e-06,1.99982,3.99555,5.93339,7.55346,10.7226,12,13.2774,16.4465,18.0666,20.0044,22.0002,0.999768,2.99521,4.93671,6.55043,7.66359,10.4233,13.5767,16.3364,17.4496,19.0633,21.0048,23.0002,-4.78589e-05,1.99896,3.98482,5.87949,7.64382,10.8618,12,13.1382,16.3562,18.1205,20.0152,22.0011,0.9971,2.96771,4.76941,6.1529,7.72087,10.5777,13.4223,16.2791,17.8471,19.2306,21.0323,23.0029,-0.000149967,1.998,3.98287,5.92721,7.8844,10.6668,12,13.3332,16.1156,18.0728,20.0171,22.0021,0.981235,2.87824,4.49739,5.976,7.98704,10.8409,13.1591,16.013,18.024,19.5026,21.1218,23.0188,-0.000110369,1.99906,3.99497,5.98693,7.98048,10.1675,12,13.8325,16.0195,18.0131,20.005,22.001,0.921846,2.68889,4.20972,5.9759,8.13601,10.983,13.017,15.864,18.0241,19.7903,21.3111,23.0782,14.7032,9.29682,12,14.933,9.067,12,15.0214,8.9786,12,15.108,8.89201,12,
21,-3.90637e-09,2,3.99992,5.99507,7.8669,10.2309,12,13.7691,16.1331,18.0049,20.0001,22,1,2.99997,4.99836,6.95688,8.52585,10.6921,13.3079,15.4742,17.0431,19.0016,21,23,-1.27447e-06,1.99993,3.99769,5.95474,7.59276,10.593,12,13.407,16.4072,18.0453,20.0023,22.0001,0.999955,2.99866,4.97471,6.74189,7.85329,10.388,13.612,16.1467,17.2581,19.0253,21.0013,23,-2.92562e-05,1.99923,3.98624,5.86105,7.42976,10.7682,12,13.2318,16.5702,18.139,20.0138,22.0008,0.999084,2.98619,4.86604,6.31309,7.53863,10.2654,13.7346,16.4614,17.6869,19.134,21.0138,23.0009,-0.000195838,1.99683,3.96618,5.81262,7.61755,10.7966,12,13.2034,16.3824,18.1874,20.0338,22.0034,0.992051,2.93182,4.62485,5.95351,7.73085,10.5003,13.4997,16.2691,18.0465,19.3751,21.0682,23.0079,-0.00045278,1.9954,3.97044,5.90746,7.88477,10.5065,12,13.4935,16.1152,18.0925,20.0296,22.005,0.959916,2.79456,4.32819,5.91104,8.01635,10.8199,13.1801,15.9836,18.089,19.6718,21.2054,23.0401,-0.000265226,1.99825,3.99241,5.9854,7.97925,10.0599,12,13.9401,16.0207,18.0146,20.0076,22.002,0.860888,2.55619,4.08823,5.97989,8.1636,10.9811,13.0189,15.8364,18.0201,19.9118,21.4438,23.1391,14.8506,9.14939,12,14.9785,9.02152,12,14.997,9.00297,12,15.0383,8.96173,12,
22,-1.54717e-07,1.99999,3.99927,5.97801,7.71367,10.4097,12,13.5903,16.2863,18.022,20.0007,22,0.999995,2.99975,4.99269,6.88739,8.24272,10.4898,13.5102,15.7573,17.1126,19.0073,21.0003,23,-1.09041e-05,1.99963,3.99155,5.89257,7.40498,10.6866,12,13.3134,16.595,18.1074,20.0084,22.0004,0.999769,2.9952,4.93635,6.54942,7.62582,10.1846,13.8154,16.3742,17.4506,19.0636,21.0048,23.0002,-0.000138069,1.99733,3.96564,5.75939,7.34805,10.739,12,13.261,16.652,18.2406,20.0344,22.0028,0.997032,2.96625,4.75314,6.06052,7.4848,10.1069,13.8931,16.5152,17.9395,19.2469,21.0338,23.003,-0.000662157,1.99187,3.93539,5.74146,7.60994,10.6538,12,13.3462,16.3901,18.2585,20.0646,22.0088,0.980823,2.87134,4.44587,5.79972,7.76053,10.4216,13.5784,16.2395,18.2003,19.5541,21.1287,23.0192,-0.00118407,1.99072,3.9542,5.89251,7.88662,10.2969,12,13.7031,16.1134,18.1075,20.0459,22.0104,0.921952,2.68123,4.16507,5.88603,8.04582,10.799,13.201,15.9542,18.114,19.8349,21.3188,23.078,-0.000571393,1.997,3.98956,5.98483,7.97782,9.94619,12,14.0538,16.0222,18.0152,20.0105,22.0035,0.769582,2.40767,4.00458,5.99246,8.19119,10.9791,13.0209,15.8088,18.0075,19.9954,21.5923,23.2304,14.9982,9.00177,12,15.0244,8.97556,12,14.9118,9.08824,12,14.9245,9.07554,12,
23,-2.24792e-06,1.99989,3.9964,5.93691,7.53553,10.5733,12,13.4267,16.4645,18.0631,20.0036,22.0001,0.999959,2.99878,4.97693,6.76663,7.94504,10.2961,13.7039,16.055,17.2334,19.0231,21.0012,23,-6.32491e-05,1.99848,3.97615,5.79316,7.26353,10.7137,12,13.2863,16.7365,18.2068,20.0238,22.0016,0.999085,2.98613,4.86551,6.31175,7.48178,9.98106,14.0189,16.5182,17.6883,19.1345,21.0139,23.0009,-0.000522481,1.99242,3.92768,5.63889,7.30748,10.6387,12,13.3613,16.6925,18.3611,20.0723,22.0081,0.991775,2.92798,4.59493,5.82722,7.48108,9.94719,14.0528,16.5189,18.1728,19.4051,21.072,23.0082,-0.00190998,1.98197,3.89108,5.67538,7.61446,10.4477,12,13.5523,16.3855,18.3246,20.109,22.0198,0.958477,2.77956,4.24751,5.70365,7.79322,10.3415,13.6585,16.2068,18.2963,19.7525,21.2204,23.0415,-0.00274168,1.98322,3.93523,5.8842,7.88892,10.0593,12,13.9407,16.1111,18.1158,20.065,22.0193,0.859889,2.54095,4.02684,5.88719,8.07554,10.7781,13.2219,15.9245,18.1128,19.9732,21.459,23.1401,-0.00112269,1.99526,3.98712,5.98487,7.97238,9.83598,12,14.164,16.0276,18.0151,20.013,22.0057,0.642357,2.2554,3.95989,6.00579,8.21878,10.9772,13.0228,15.7812,17.9942,20.0401,21.7446,23.3576,15.1458,8.85415,12,15.0704,8.92958,12,14.8267,9.17333,12,14.7702,9.22982,12,
24,-1.82223e-05,1.99941,3.98774,5.86249,7.37202,10.7,12,13.3,16.628,18.1375,20.0123,22.0006,0.999789,2.99562,4.94217,6.58961,7.7185,10.1053,13.8947,16.2815,17.4104,19.0578,21.0044,23.0002,-0.000277429,1.99515,3.94467,5.66156,7.17467,10.6722,12,13.3278,16.8253,18.3384,20.0553,22.0051,0.997025,2.9661,4.75274,6.0566,7.40808,9.77757,14.2224,16.5919,17.9434,19.2473,21.0339,23.003,-0.00165501,1.98165,3.86764,5.51583,7.30069,10.4793,12,13.5207,16.6993,18.4842,20.1324,22.0199,0.979968,2.86288,4.39869,5.64147,7.50334,9.78492,14.2151,16.4967,18.3585,19.6013,21.1371,23.02,-0.00481841,1.9646,3.83426,5.62434,7.6236,10.1981,12,13.8019,16.3764,18.3757,20.1661,22.0398,0.918097,2.65307,4.05139,5.65727,7.82553,10.2606,13.7394,16.1745,18.3427,19.9486,21.3469,23.0819,-0.00571991,1.97236,3.91587,5.88194,7.89151,9.81545,12,14.1845,16.1085,18.1181,20.0847,22.0327,0.76604,2.38178,3.92692,5.90078,8.10547,10.7571,13.2429,15.8945,18.0992,20.0731,21.6182,23.234,-0.0020358,1.99311,3.98553,5.98513,7.95333,9.73916,12,14.2608,16.0467,18.0149,20.0148,22.0086,0.476848,2.1124,3.94414,6.01913,8.24637,10.9753,13.0247,15.7536,17.9809,20.0559,21.8876,23.5232,15.2935,8.70654,12,15.1164,8.88359,12,14.7422,9.25782,12,14.6352,9.36479,12,
25,-0.000100459,1.99774,3.96761,5.75318,7.25212,10.7631,12,13.2369,16.7479,18.2468,20.0324,22.0024,0.999163,2.98736,4.87764,6.36645,7.57078,9.91441,14.0856,16.4292,17.6335,19.1224,21.0126,23.0008,-0.000983245,1.98711,3.89014,5.51312,7.13556,10.5675,12,13.4325,16.8644,18.4869,20.1099,22.0138,0.991747,2.92775,4.59556,5.81992,7.38345,9.57408,14.4259,16.6166,18.1801,19.4044,21.0723,23.0083,-0.00452445,1.96109,3.78416,5.40648,7.31475,10.2791,12,13.7209,16.6853,18.5935,20.2161,22.0431,0.956263,2.76353,4.18239,5.5171,7.53106,9.6183,14.3817,16.4689,18.4829,19.8176,21.2365,23.0437,-0.0108422,1.93732,3.76919,5.59331,7.633,9.92896,12,14.071,16.367,18.4068,20.2318,22.0724,0.851161,2.4939,3.87991,5.64503,7.85759,10.18,13.82,16.1424,18.355,20.1201,21.5061,23.1488,-0.0109006,1.95811,3.89919,5.88374,7.8858,9.58013,12,14.4199,16.1142,18.1164,20.1022,22.0513,0.634037,2.21612,3.86945,5.9166,8.13547,10.7362,13.2638,15.8645,18.0834,20.1306,21.7839,23.366,-0.003432,1.99075,3.98472,5.98541,7.9132,9.66337,12,14.3366,16.0868,18.0146,20.0159,22.0121,0.275389,1.98892,3.94472,6.03247,8.27396,10.9734,13.0266,15.726,17.9675,20.0553,22.0111,23.7246,15.4411,8.55892,12,15.1624,8.83761,12,14.6577,9.3423,12,14.5043,9.49569,12,
26,-0.000419985,1.99317,3.92911,5.61785,7.17668,10.754,12,13.246,16.8233,18.3821,20.0709,22.0072,0.997285,2.96913,4.77362,6.11993,7.49109,9.72357,14.2764,16.5089,17.8801,19.2264,21.0309,23.0027,-0.00294056,1.97047,3.80812,5.36929,7.13676,10.4125,12,13.5875,16.8632,18.6307,20.1921,22.0323,0.9799,2.8627,4.40265,5.63308,7.38365,9.37056,14.6294,16.6164,18.3669,19.5973,21.1373,23.0201,-0.0109217,1.92632,3.68005,5.32429,7.33462,10.0604,12,13.9396,16.6654,18.6758,20.3209,22.0836,0.91313,2.62653,3.97133,5.44472,7.55832,9.4463,14.5537,16.4417,18.5553,20.0287,21.3735,23.0869,-0.0221023,1.89857,3.70357,5.57999,7.64241,9.65771,12,14.3423,16.3576,18.4202,20.2989,22.1208,0.748598,2.31048,3.74998,5.65085,7.88958,10.0998,13.9002,16.1104,18.3492,20.25,21.6895,23.2514,-0.0191768,1.94117,3.88775,5.88703,7.85061,9.37435,12,14.6256,16.1494,18.1133,20.1152,22.0748,0.460672,2.05799,3.84578,5.93245,8.16549,10.7153,13.2847,15.8345,18.0676,20.1542,21.942,23.5393,-0.00540529,1.98842,3.98442,5.98443,7.84978,9.61214,12,14.3879,16.1502,18.0156,20.0167,22.0158,0.0457763,1.88901,3.94984,6.04581,8.30155,10.9715,13.0285,15.6984,17.9542,20.0502,22.111,23.9542,15.5887,8.4113,12,15.2084,8.79163,12,14.5732,9.42678,12,14.3734,9.62658,12,
27,-0.00142301,1.98273,3.86621,5.47393,7.13839,10.6762,12,13.3238,16.8616,18.5261,20.1339,22.0186,0.992475,2.93406,4.62527,5.88051,7.46069,9.53273,14.4673,16.5393,18.1195,19.3747,21.0659,23.0075,-0.00764793,1.94022,3.69909,5.25179,7.1635,10.227,12,13.773,16.8365,18.7482,20.3015,22.0668,0.956149,2.76396,4.19417,5.50884,7.38529,9.16962,14.8304,16.6147,18.4912,19.8058,21.236,23.0439,-0.0236942,1.87335,3.56378,5.27139,7.3546,9.8432,12,14.1568,16.6454,18.7288,20.4386,22.1478,0.841293,2.45526,3.78985,5.40619,7.5746,9.27854,14.7215,16.4254,18.5938,20.2101,21.5447,23.1587,-0.0413242,1.8485,3.64677,5.57852,7.64844,9.3901,12,14.6099,16.3516,18.4221,20.3587,22.1868,0.602531,2.11674,3.66909,5.66144,7.92157,10.0197,13.9803,16.0784,18.3386,20.3309,21.8833,23.3975,-0.0313959,1.92293,3.8816,5.89055,7.76908,9.21465,12,14.7854,16.2309,18.1099,20.1241,22.1023,0.247583,1.9191,3.84257,5.94844,8.19576,10.6943,13.3057,15.8042,18.0516,20.1574,22.0809,23.7524,-0.0079877,1.98647,3.98428,5.97791,7.7685,9.5843,12,14.4157,16.2315,18.0221,20.0175,22.0197,-0.199173,1.80435,3.95504,6.05914,8.32914,10.9696,13.0304,15.6709,17.9409,20.045,22.1957,24.1992,15.7363,8.26368,12,15.2543,8.74565,12,14.4887,9.51127,12,14.2425,9.75748,12,
28,-0.00408188,1.96214,3.77631,5.34268,7.12466,10.542,12,13.458,16.8753,18.6573,20.2239,22.0417,0.981665,2.87398,4.43617,5.68019,7.45658,9.34221,14.6578,16.5434,18.3198,19.5638,21.126,23.0183,-0.0176817,1.89117,3.56891,5.17497,7.19963,10.0359,12,13.9641,16.8004,18.8251,20.4327,22.1248,0.913036,2.62906,3.99716,5.43498,7.36741,8.9844,15.0156,16.6326,18.565,20.0028,21.3709,23.087,-0.0468466,1.80006,3.44865,5.24078,7.37457,9.63189,12,14.3681,16.6254,18.7598,20.5569,22.2407,0.731014,2.26095,3.65446,5.38399,7.56199,9.1333,14.8667,16.438,18.616,20.3455,21.739,23.269,-0.0715464,1.78966,3.60691,5.58116,7.63071,9.14675,12,14.8532,16.3693,18.4201,20.4043,22.2695,0.408446,1.92919,3.63036,5.67229,7.95357,9.9396,14.0604,16.0464,18.3277,20.3696,22.0708,23.5916,-0.0481425,1.90505,3.8794,5.89103,7.63628,9.10835,12,14.8917,16.3638,18.1096,20.1311,22.132,0.00220892,1.80512,3.84652,5.96476,8.22666,10.673,13.327,15.7733,18.0352,20.1534,22.1949,23.9978,-0.0111093,1.98518,3.9842,5.96072,7.67971,9.57466,12,14.4253,16.3203,18.0393,20.0183,22.0235,-0.446636,1.7222,3.96024,6.07248,8.35673,10.9676,13.0324,15.6433,17.9275,20.0398,22.2778,24.4466,15.8839,8.11607,12,15.3003,8.69967,12,14.4043,9.59575,12,14.1116,9.88837,12,
29,-0.0102169,1.92637,3.66245,5.24341,7.12104,10.3709,12,13.6291,16.879,18.7566,20.3383,22.083,0.959902,2.78119,4.22022,5.54242,7.44981,9.16039,14.8396,16.5502,18.4576,19.7798,21.2188,23.0401,-0.0369457,1.81926,3.42937,5.13581,7.23789,9.85329,12,14.1467,16.7621,18.8645,20.5746,22.2134,0.841507,2.46302,3.83612,5.39185,7.31335,8.82717,15.1728,16.6866,18.6081,20.1639,21.537,23.1585,-0.0853422,1.70761,3.34962,5.22203,7.39455,9.42511,12,14.5749,16.6055,18.7794,20.6623,22.3646,0.574231,2.06086,3.57031,5.36485,7.50731,9.02554,14.9745,16.4927,18.6351,20.4296,21.9392,23.4258,-0.115566,1.72681,3.58451,5.58413,7.56782,8.94864,12,15.0514,16.4322,18.4178,20.4373,22.3651,0.167251,1.76189,3.61868,5.68384,7.98347,9.8616,14.1384,16.0165,18.3161,20.3811,22.2379,23.8327,-0.0695106,1.88959,3.87935,5.87885,7.46454,9.05253,12,14.9475,16.5356,18.1218,20.1379,22.1621,-0.262446,1.70978,3.85061,5.98163,8.25813,10.6493,13.3507,15.7419,18.0184,20.1493,22.2902,24.2624,-0.0145889,1.98451,3.98431,5.92865,7.59534,9.57547,12,14.4245,16.4047,18.0714,20.0188,22.027,-0.694099,1.64005,3.96544,6.08582,8.38432,10.9657,13.0343,15.6157,17.9142,20.0346,22.36,24.6941,16.0316,7.96845,12,15.3463,8.65369,12,14.3198,9.68023,12,13.9807,10.0193,12,
30,-0.0228069,1.87071,3.53393,5.18416,7.11825,10.1864,12,13.8136,16.8818,18.816,20.4682,22.1498,0.920103,2.65092,4.00019,5.46557,7.41934,9.00228,14.9977,16.5807,18.5344,19.9998,21.3491,23.0799,-0.0706725,1.72321,3.29618,5.12422,7.27605,9.68279,12,14.3172,16.724,18.8767,20.7127,22.3377,0.732339,2.27856,3.72431,5.36099,7.21297,8.70444,15.2956,16.787,18.639,20.2757,21.7216,23.2677,-0.144485,1.60156,3.27893,5.20607,7.41278,9.22296,12,14.777,16.5872,18.7966,20.7449,22.5167,0.367185,1.8741,3.52513,5.34548,7.40525,8.96318,15.0368,16.5948,18.6545,20.4746,22.126,23.6328,-0.175214,1.66544,3.57505,5.58607,7.44723,8.80732,12,15.1927,16.5528,18.4166,20.4643,22.468,-0.113465,1.62244,3.61828,5.69667,8.00208,9.79487,14.2051,15.9979,18.3033,20.3814,22.3771,24.1134,-0.0948828,1.87816,3.87977,5.84256,7.2772,9.03557,12,14.9644,16.723,18.1582,20.1447,22.1919,-0.531539,1.61867,3.8544,5.99928,8.28966,10.6213,13.3787,15.7103,18.0007,20.1455,22.3813,24.5315,-0.0181658,1.98415,3.98474,5.88002,7.52491,9.57889,12,14.4211,16.4751,18.12,20.019,22.0302,-0.941562,1.5579,3.97064,6.09916,8.41192,10.9638,13.0362,15.5881,17.9008,20.0294,22.4421,24.9416,16.1792,7.82083,12,15.3923,8.60771,12,14.2353,9.76472,12,13.8498,10.1502,12,
31,-0.0461473,1.7923,3.40394,5.15854,7.11546,10.0031,12,13.9969,16.8846,18.8419,20.6012,22.2482,0.8533,2.48353,3.80289,5.43276,7.35507,8.87623,15.1238,16.6449,18.5672,20.1971,21.5165,23.1467,-0.125017,1.60604,3.18567,5.12897,7.31423,9.52585,12,14.4741,16.6858,18.8733,20.8327,22.4984,0.578356,2.09102,3.65784,5.33207,7.06476,8.61596,15.384,16.9352,18.6678,20.3421,21.9096,23.4217,-0.22884,1.49169,3.2381,5.19839,7.41438,9.03877,12,14.9612,16.5856,18.8053,20.8066,22.6887,0.112707,1.7146,3.49435,5.32617,7.25972,8.94498,15.055,16.7403,18.6738,20.5054,22.2848,23.8873,-0.250606,1.61142,3.57258,5.58629,7.26732,8.72327,12,15.2767,16.7327,18.4171,20.4908,22.5735,-0.419551,1.50649,3.61893,5.70853,8.0008,9.74804,14.252,15.9992,18.2913,20.3806,22.4926,24.4195,-0.122864,1.8702,3.88019,5.77289,7.10285,9.04063,12,14.9594,16.8975,18.2279,20.1515,22.221,-0.800643,1.52754,3.85782,6.0176,8.3212,10.5878,13.4122,15.6788,17.9824,20.142,22.4724,24.8006,-0.0217433,1.98382,3.98545,5.81659,7.46974,9.58233,12,14.4177,16.5303,18.1835,20.019,22.0335,-1.18902,1.47575,3.97583,6.11249,8.43951,10.9619,13.0381,15.5605,17.8875,20.0242,22.5243,25.189,16.3268,7.67322,12,15.4383,8.56173,12,14.1508,9.8492,12,13.7189,10.2811,12,
32,-0.0856952,1.69162,3.28708,5.15568,7.11266,9.82689,12,14.1731,16.8873,18.8456,20.7243,22.3814,0.74958,2.28518,3.65086,5.42439,7.2543,8.77961,15.2204,16.7457,18.5756,20.3491,21.715,23.2504,-0.20614,1.47583,3.10973,5.14165,7.3524,9.38177,12,14.6182,16.6476,18.8622,20.9262,22.6905,0.376746,1.91467,3.61864,5.30341,6.87637,8.55459,15.4454,17.1236,18.6964,20.3812,22.0876,23.6234,-0.340868,1.38971,3.2226,5.20652,7.38142,8.88985,12,15.1102,16.6186,18.798,20.8543,22.8681,-0.178845,1.58616,3.45519,5.30842,7.08347,8.96025,15.0397,16.9166,18.6932,20.5448,22.4108,24.1786,-0.339429,1.56865,3.56979,5.58469,7.03815,8.68635,12,15.3137,16.9619,18.4195,20.5173,22.6816,-0.733353,1.39739,3.61959,5.70615,7.97495,9.72578,14.2742,16.0251,18.2936,20.3797,22.6014,24.7331,-0.151579,1.86375,3.88043,5.66636,6.97488,9.05115,12,14.949,17.0255,18.3346,20.1582,22.2493,-1.06975,1.43641,3.8609,6.03157,8.35273,10.5488,13.4512,15.6473,17.9684,20.1389,22.5635,25.0697,-0.0253208,1.98349,3.98492,5.74471,7.43022,9.58578,12,14.4142,16.5698,18.2557,20.0198,22.0367,-1.43649,1.3936,3.98103,6.12583,8.4671,10.96,13.04,15.5329,17.8742,20.019,22.6064,25.4365,16.4744,7.5256,12,15.4843,8.51575,12,14.0663,9.93368,12,13.5881,10.4119,12,
33,-0.147475,1.57328,3.19605,5.1634,7.10987,9.66244,12,14.3376,16.8901,18.8397,20.8268,22.5483,0.59969,2.06858,3.5552,5.42357,7.12193,8.70391,15.2961,16.8781,18.5763,20.4447,21.9319,23.4003,-0.318795,1.3448,3.06733,5.15502,7.38949,9.24762,12,14.7524,16.6105,18.85,20.9985,22.9026,0.130747,1.76,3.58613,5.27475,6.67124,8.5091,15.4909,17.3291,18.725,20.4138,22.247,23.8698,-0.479599,1.30522,3.22496,5.22319,7.30024,8.78893,12,15.2111,16.6998,18.7813,20.8896,23.0478,-0.490557,1.47795,3.39767,5.28631,6.90409,8.99099,15.009,17.0963,18.7233,20.6028,22.5145,24.4899,-0.437039,1.53449,3.55962,5.57983,6.79194,8.67816,12,15.3218,17.2083,18.4252,20.5446,22.7924,-1.04729,1.28816,3.62024,5.67569,7.92473,9.72788,14.2721,16.0753,18.3239,20.3789,22.7105,25.0468,-0.180301,1.85756,3.87726,5.52966,6.90858,9.06171,12,14.9385,17.0919,18.4738,20.1661,22.2771,-1.33885,1.34528,3.86373,6.03351,8.38426,10.5057,13.4943,15.6157,17.9664,20.136,22.6547,25.3388,-0.0288983,1.98316,3.9806,5.67352,7.40752,9.58922,12,14.4108,16.5925,18.3276,20.0242,22.04,-1.68395,1.31145,3.98623,6.13917,8.49469,10.9581,13.0419,15.5053,17.8608,20.0138,22.6885,25.6839,16.622,7.37798,12,15.5302,8.46977,12,13.9818,10.0182,12,13.4572,10.5428,12,
34,-0.237022,1.44594,3.13645,5.1715,7.10708,9.51199,12,14.488,16.8929,18.8337,20.9075,22.7422,0.397217,1.85093,3.50815,5.42514,6.97023,8.64442,15.3556,17.0299,18.5747,20.4919,22.1504,23.6029,-0.464659,1.22631,3.0514,5.15017,7.41661,9.11969,12,14.8803,16.5834,18.8552,21.0587,23.1203,-0.149872,1.62864,3.54432,5.24548,6.48847,8.46968,15.5304,17.5126,18.7542,20.4562,22.3883,24.1515,-0.639311,1.23926,3.23881,5.22438,7.1645,8.73908,12,15.2609,16.8355,18.7792,20.9095,23.2275,-0.805819,1.37283,3.32451,5.24538,6.75406,9.02488,14.9751,17.2471,18.7798,20.6767,22.6126,24.8042,-0.53725,1.50337,3.53583,5.56478,6.57863,8.67755,12,15.3225,17.4227,18.4408,20.5775,22.9058,-1.36123,1.17892,3.6209,5.60829,7.85519,9.74932,14.2507,16.1448,18.3912,20.3781,22.8197,25.3605,-0.209023,1.85137,3.86544,5.37956,6.90238,9.07225,12,14.928,17.0983,18.6289,20.1797,22.3046,-1.60795,1.25415,3.86451,6.01787,8.41579,10.4604,13.5396,15.5842,17.9821,20.1353,22.7461,25.6079,-0.0324758,1.98283,3.97093,5.60785,7.4042,9.59267,12,14.4074,16.5959,18.3941,20.0337,22.0432,-1.93141,1.2293,3.99132,6.1525,8.52228,10.9561,13.0439,15.4777,17.8475,20.0087,22.7707,25.9314,16.7696,7.23036,12,15.5762,8.42379,12,13.8974,10.1026,12,13.3263,10.6737,12,
35,-0.357987,1.32077,3.1022,5.16638,7.10428,9.37512,12,14.6249,16.8957,18.8406,20.9772,22.9511,0.140886,1.65064,3.49298,5.42894,6.82571,8.59888,15.4011,17.1749,18.5707,20.5079,22.3535,23.8595,-0.64103,1.13068,3.05051,5.1099,7.41788,8.99912,12,15.0009,16.5821,18.8953,21.1083,23.3379,-0.449746,1.50947,3.48845,5.20834,6.35521,8.43292,15.5672,17.6469,18.7918,20.5138,22.524,24.4543,-0.810245,1.18284,3.25992,5.18895,6.98871,8.73148,12,15.2685,17.0113,18.8129,20.9143,23.4075,-1.12143,1.26715,3.24146,5.17442,6.65013,9.06049,14.9395,17.3521,18.873,20.7608,22.7089,25.1186,-0.637494,1.47315,3.49204,5.53495,6.43001,8.67617,12,15.3239,17.5738,18.4712,20.6228,23.021,-1.67517,1.06938,3.62154,5.50633,7.77526,9.7816,14.2184,16.2247,18.4958,20.3772,22.9287,25.6742,-0.237745,1.84518,3.83798,5.24478,6.94351,9.08236,12,14.9179,17.0576,18.7699,20.2044,22.3316,-1.87706,1.16302,3.85067,5.98285,8.44731,10.4148,13.5852,15.5527,18.0173,20.1495,22.838,25.877,-0.0360534,1.9825,3.95594,5.55144,7.42271,9.59611,12,14.4039,16.5775,18.4514,20.0484,22.0465,-2.17888,1.14715,3.99249,6.16584,8.54987,10.9542,13.0458,15.4501,17.8342,20.0076,22.8528,26.1788,16.9173,7.08275,12,15.6222,8.3778,12,13.8129,10.1871,12,13.1954,10.8046,12,
36,-0.510683,1.20855,3.08343,5.13178,7.10149,9.24955,12,14.7505,16.8985,18.8763,21.0477,23.1628,-0.163534,1.48278,3.49129,5.43422,6.71107,8.57313,15.4269,17.2907,18.5652,20.5116,22.528,24.1647,-0.839969,1.05688,3.05494,5.02534,7.37575,8.89292,12,15.1071,16.6242,18.9797,21.1471,23.5556,-0.753095,1.39153,3.41601,5.15503,6.28251,8.39763,15.6025,17.7211,18.8506,20.5879,22.6663,24.7624,-0.982867,1.12685,3.27783,5.10647,6.80621,8.74739,12,15.2526,17.1938,18.8929,20.9091,23.5876,-1.43734,1.16127,3.15283,5.069,6.59906,9.09832,14.9017,17.4042,19.0049,20.8504,22.8044,25.433,-0.737739,1.44448,3.42172,5.49036,6.35717,8.67472,12,15.3254,17.6519,18.5158,20.689,23.1374,-1.9891,0.958487,3.62192,5.38574,7.69371,9.81671,14.1833,16.3063,18.6224,20.3767,23.0373,25.9879,-0.266468,1.83899,3.78684,5.14428,7.01788,9.09124,12,14.9091,16.9837,18.8763,20.2485,22.3578,-2.14616,1.07189,3.80803,5.93096,8.47677,10.3714,13.6286,15.5232,18.0697,20.1929,22.9307,26.1461,-0.0396309,1.98211,3.93739,5.51009,7.46166,9.59955,12,14.4005,16.5387,18.4934,20.0668,22.0497,-2.42634,1.065,3.98222,6.17918,8.57746,10.9523,13.0477,15.4225,17.8208,20.018,22.935,26.4263,17.0649,6.93513,12,15.6682,8.33182,12,13.7317,10.2683,12,13.0645,10.9355,12,
37,-0.691022,1.11662,3.06979,5.06268,7.0987,9.13227,12,14.8677,16.9013,18.9465,21.1202,23.3746,-0.50244,1.34629,3.48948,5.4361,6.63673,8.57425,15.4258,17.3669,18.5631,20.5166,22.6765,24.5056,-1.04892,0.992854,3.05901,4.89934,7.28419,8.80739,12,15.1926,16.7157,19.1064,21.1782,23.7733,-1.0562,1.27415,3.32273,5.08172,6.26918,8.35927,15.6409,17.736,18.9408,20.6808,22.8136,25.0706,-1.15547,1.07005,3.28211,4.98012,6.65244,8.76722,12,15.2328,17.3483,19.0164,20.9017,23.7677,-1.75327,1.05539,3.05942,4.93374,6.59725,9.14033,14.8597,17.4066,19.1666,20.9444,22.8999,25.7474,-0.837983,1.41836,3.3186,5.43712,6.35903,8.67328,12,15.3268,17.6599,18.5677,20.7851,23.2547,-2.30304,0.845048,3.61856,5.26899,7.61217,9.85361,14.1464,16.3878,18.7471,20.3803,23.1452,26.3016,-0.29519,1.8328,3.7075,5.08127,7.1114,9.09834,12,14.902,16.8913,18.9438,20.3189,22.3832,-2.41526,0.980764,3.72795,5.86851,8.4983,10.3358,13.6642,15.5017,18.1331,20.2742,23.0243,26.4151,-0.0432084,1.98092,3.91883,5.48669,7.51591,9.603,12,14.397,16.4848,18.5174,20.0862,22.0529,-2.6738,0.982854,3.95493,6.19252,8.60505,10.9504,13.0496,15.395,17.8075,20.0456,23.0171,26.6738,17.2125,6.78751,12,15.7142,8.28584,12,13.6627,10.3373,12,12.9342,11.0658,12,
38,-0.890313,1.04304,3.0558,4.96667,7.0959,9.02043,12,14.9796,16.9041,19.0446,21.1929,23.5863,-0.855941,1.2244,3.47706,5.42514,6.60427,8.60315,15.3969,17.4017,18.5739,20.5329,22.8138,24.8632,-1.25862,0.929579,3.05971,4.74624,7.15303,8.7444,12,15.2556,16.8468,19.262,21.2056,23.9909,-1.35932,1.15697,3.20241,4.99034,6.30428,8.31649,15.6837,17.7025,19.0616,20.797,22.9611,25.3788,-1.32806,1.01306,3.26706,4.82549,6.53944,8.78425,12,15.2157,17.4641,19.1686,20.9006,23.9479,-2.0692,0.949517,2.95837,4.78267,6.63196,9.18861,14.8114,17.372,19.3395,21.0454,22.9953,26.0617,-0.938227,1.39557,3.17789,5.38694,6.42227,8.67183,12,15.3283,17.6131,18.615,20.9189,23.3729,-2.61698,0.728267,3.60471,5.17639,7.53062,9.89252,14.1075,16.4694,18.8483,20.3949,23.2521,26.6153,-0.323912,1.82561,3.59926,5.0519,7.20892,9.10344,12,14.897,16.7953,18.976,20.4189,22.4079,-2.68436,0.889634,3.60907,5.80401,8.50725,10.3129,13.6871,15.4928,18.1988,20.3948,23.1184,26.6842,-0.0467859,1.97778,3.90263,5.4825,7.57762,9.60644,12,14.3936,16.4238,18.522,20.1051,22.0562,-2.92127,0.900705,3.90841,6.20585,8.63264,10.9485,13.0515,15.3674,17.7941,20.0925,23.0993,26.9212,17.3601,6.6399,12,15.7601,8.23986,12,13.614,10.386,12,12.8173,11.1827,12,
39,-1.09642,0.976226,3.04175,4.8605,7.09311,8.91174,12,15.0883,16.9069,19.1552,21.2656,23.798,-1.21041,1.10352,3.4429,5.3892,6.60706,8.65394,15.3461,17.4018,18.6098,20.5692,22.9505,25.2226,-1.46817,0.866303,3.05711,4.58801,7.00709,8.70011,12,15.2999,16.9925,19.4251,21.234,24.2086,-1.66259,1.03978,3.04905,4.88859,6.37111,8.27036,15.7298,17.6375,19.1984,20.9417,23.1085,25.687,-1.50066,0.956081,3.22828,4.66598,6.46504,8.79488,12,15.2051,17.5454,19.3269,20.9155,24.128,-2.38513,0.843639,2.84482,4.63565,6.68437,9.24458,14.7555,17.3191,19.5,21.1578,23.0908,26.3761,-1.03847,1.37611,2.99812,5.35198,6.5226,8.67039,12,15.3298,17.5365,18.6459,21.0936,23.4921,-2.93092,0.608869,3.57484,5.11212,7.44951,9.93325,14.0668,16.5509,18.9207,20.4256,23.3579,26.929,-0.353341,1.8115,3.46753,5.04919,7.30382,9.10869,12,14.8921,16.7016,18.9806,20.5498,22.4325,-2.95347,0.798504,3.45742,5.74356,8.50224,10.3045,13.6955,15.4978,18.2609,20.5486,23.2128,26.9533,-0.0503634,1.97196,3.89032,5.49586,7.64006,9.61,12,14.3901,16.3622,18.509,20.1224,22.0598,-3.16873,0.818555,3.84436,6.21919,8.66023,10.9466,13.0534,15.3398,17.7808,20.1569,23.1814,27.1687,17.5077,6.49228,12,15.8061,8.19388,12,13.5911,10.4089,12,12.7364,11.2636,12,
40,-1.30263,0.909653,3.0277,4.76495,7.09032,8.80449,12,15.1955,16.9097,19.2587,21.3383,24.0097,-1.56486,0.982641,3.37756,5.31732,6.63315,8.7151,15.2849,17.3794,18.6818,20.6325,23.0872,25.582,-1.67783,0.803028,3.05176,4.44763,6.87904,8.66716,12,15.3327,17.1204,19.5725,21.265,24.4263,-1.96598,0.92259,2.86004,4.78697,6.447,8.22456,15.7763,17.5632,19.3322,21.1182,23.256,25.9952,-1.67319,0.899185,3.16294,4.52111,6.42033,8.79783,12,15.2022,17.603,19.4719,20.9552,24.3082,-2.70106,0.737654,2.71465,4.51097,6.73886,9.30831,14.6917,17.2639,19.6304,21.2857,23.1863,26.6905,-1.13872,1.35897,2.78343,5.33892,6.63024,8.66894,12,15.3312,17.4557,18.6548,21.3055,23.6123,-3.24486,0.491398,3.52671,5.07161,7.37266,9.97525,14.0248,16.6306,18.9682,20.4743,23.4629,27.2427,-0.387016,1.78257,3.32417,5.06156,7.38532,9.12015,12,14.8814,16.6208,18.9695,20.7079,22.4578,-3.22257,0.707375,3.2852,5.68638,8.48946,10.3099,13.6901,15.5107,18.32,20.7235,23.3071,27.2224,-0.053941,1.96321,3.88317,5.5214,7.6996,9.61648,12,14.3838,16.3033,18.4838,20.136,22.0646,-3.41619,0.736406,3.76813,6.23253,8.68782,10.9446,13.0554,15.3122,17.7675,20.2336,23.2636,27.4161,17.6553,6.34466,12,15.8521,8.1479,12,13.5964,10.4036,12,12.7073,11.2927,12,
41,-1.50874,0.843081,3.01365,4.6984,7.08752,8.6976,12,15.3024,16.9125,19.3377,21.411,24.2214,-1.91918,0.861762,3.2754,5.20455,6.66907,8.77753,15.2224,17.3482,18.7948,20.7258,23.224,25.9414,-1.8877,0.739752,3.04422,4.33559,6.79162,8.6398,12,15.36,17.2077,19.6933,21.2993,24.6439,-2.26946,0.805403,2.63877,4.69534,6.51032,8.18774,15.8146,17.5006,19.446,21.3249,23.4035,26.3034,-1.84563,0.839683,3.07083,4.39367,6.39352,8.79477,12,15.2052,17.6494,19.6007,21.0257,24.4883,-3.01699,0.631175,2.56968,4.4085,6.79335,9.37804,14.622,17.2086,19.7364,21.4298,23.2829,27.0049,-1.23896,1.34153,2.54558,5.34621,6.7303,8.66779,12,15.3327,17.3802,18.644,21.5425,23.7328,-3.55879,0.380768,3.46232,5.04724,7.30363,10.0179,13.9822,16.7046,18.9995,20.5386,23.5674,27.5564,-0.428263,1.73209,3.18359,5.07652,7.44301,9.14246,12,14.8603,16.5632,18.9555,20.8774,22.4908,-3.49167,0.616246,3.10639,5.63226,8.47826,10.326,13.6741,15.522,18.3775,20.9053,23.4014,27.4915,-0.0575192,1.95186,3.87954,5.55134,7.75137,9.63072,12,14.37,16.252,18.4543,20.1451,22.0714,-3.66365,0.654257,3.68749,6.24586,8.71541,10.9427,13.0573,15.2846,17.7541,20.3146,23.3457,27.6636,17.803,6.19704,12,15.8981,8.10192,12,13.6286,10.3714,12,12.7358,11.2642,12,
42,-1.71485,0.776508,2.9996,4.66847,7.08473,8.59191,12,15.4086,16.9153,19.3852,21.4838,24.4331,-2.2736,0.740884,3.13688,5.05501,6.70472,8.84084,15.1591,17.3172,18.9447,20.847,23.3607,26.3008,-2.09749,0.674429,3.03226,4.24604,6.74424,8.61772,12,15.382,17.2549,19.7956,21.3376,24.8616,-2.57298,0.688215,2.39687,4.62067,6.55382,8.16598,15.8387,17.4568,19.5297,21.5541,23.551,26.6116,-2.01803,0.76862,2.95569,4.27996,6.37374,8.78909,12,15.2109,17.6944,19.7159,21.1281,24.6684,-3.33292,0.523202,2.42139,4.31249,6.84784,9.45041,14.5497,17.1534,19.8339,21.5874,23.3904,27.3192,-1.33921,1.31921,2.30415,5.3643,6.81699,8.67229,12,15.3341,17.3113,18.6247,21.7787,23.8535,-3.87273,0.279226,3.38781,5.03004,7.24632,10.0608,13.9394,16.7667,19.0259,20.6129,23.6719,27.8702,-0.478613,1.65673,3.05831,5.09166,7.47175,9.17717,12,14.8271,16.5343,18.9412,21.0369,22.5416,-3.76078,0.52539,2.92546,5.58587,8.47627,10.3491,13.6509,15.5241,18.4302,21.0897,23.4958,27.7606,-0.0613703,1.9386,3.8723,5.58143,7.79205,9.65604,12,14.3454,16.2115,18.4246,20.1542,22.0806,-3.91112,0.572107,3.6067,6.2592,8.743,10.9408,13.0592,15.257,17.7408,20.3958,23.4279,27.9111,17.9506,6.04943,12,15.9441,8.05594,12,13.683,10.317,12,12.8163,11.1837,12,
43,-1.92096,0.709947,2.98555,4.66783,7.08194,8.49732,12,15.5058,16.9181,19.4075,21.5565,24.6448,-2.62842,0.619994,2.96951,4.88165,6.72927,8.90479,15.0951,17.2952,19.1188,20.9892,23.4975,26.6601,-2.30687,0.593079,3.0111,4.16861,6.72712,8.60097,12,15.3985,17.272,19.8925,21.3804,25.0792,-2.87649,0.571027,2.16171,4.56377,6.57537,8.15999,15.8472,17.4347,19.5847,21.7942,23.6984,26.9198,-2.19044,0.677228,2.826,4.17385,6.35434,8.78378,12,15.2162,17.7402,19.824,21.2577,24.8486,-3.64885,0.405394,2.28291,4.21397,6.90233,9.52294,14.4772,17.0981,19.9287,21.753,23.521,27.6336,-1.43945,1.29052,2.077,5.37844,6.88422,8.69075,12,15.3331,17.2505,18.6119,21.9928,23.9741,-4.18667,0.186313,3.31046,5.01238,7.20567,10.1038,13.8966,16.81,19.0548,20.6941,23.7763,28.1839,-0.537592,1.55653,2.95465,5.10746,7.47252,9.2224,12,14.7835,16.5332,18.9259,21.1726,22.6166,-4.02988,0.435042,2.74617,5.55207,8.48741,10.3765,13.6237,15.513,18.4733,21.2747,23.5901,28.0297,-0.066264,1.92376,3.85442,5.61152,7.82064,9.69347,12,14.3089,16.1829,18.3949,20.1696,22.0924,-4.15858,0.489958,3.52591,6.27254,8.77059,10.9389,13.0611,15.2294,17.7275,20.477,23.51,28.1585,18.0982,5.90181,12,15.99,8.00996,12,13.752,10.248,12,12.9329,11.0671,12,
44,-2.12707,0.643429,2.9715,4.68236,7.07914,8.42553,12,15.5822,16.9209,19.4152,21.6292,24.8566,-2.98352,0.499061,2.78688,4.7102,6.73102,8.96887,15.031,17.2939,19.2998,21.142,23.6342,27.0195,-2.51597,0.479775,2.96925,4.09651,6.72567,8.58864,12,15.4106,17.2736,19.9932,21.4289,25.2969,-3.18001,0.453835,1.95793,4.51761,6.57786,8.16394,15.8455,17.4321,19.6202,22.0356,23.8459,27.228,-2.36285,0.559592,2.69209,4.0692,6.33487,8.78156,12,15.2186,17.7861,19.9329,21.4043,25.0287,-3.96478,0.265637,2.1646,4.11591,6.95683,9.59547,14.4046,17.0429,20.0164,21.9203,23.6824,27.948,-1.53969,1.25705,1.8748,5.38027,6.92979,8.72817,12,15.324,17.2014,18.6137,22.1763,24.0947,-4.50061,0.0997912,3.22917,4.99266,7.18437,10.1474,13.8533,16.8314,19.0866,20.7849,23.8808,28.4976,-0.603071,1.43617,2.86829,5.12447,7.45207,9.27339,12,14.734,16.5534,18.909,21.2828,22.7171,-4.29898,0.342174,2.57373,5.53348,8.51101,10.4063,13.5941,15.4893,18.5033,21.4597,23.6844,28.2988,-0.072722,1.90688,3.82348,5.64161,7.83862,9.74149,12,14.2618,16.1648,18.3652,20.1947,22.1075,-4.40604,0.407808,3.44513,6.28588,8.79818,10.937,13.063,15.2018,17.7141,20.5582,23.5922,28.406,18.2458,5.75419,12,16.036,7.96398,12,13.8262,10.1738,12,13.0632,10.9368,12,
45,-2.33318,0.576989,2.95746,4.69891,7.07635,8.38371,12,15.6304,16.9237,19.4197,21.7019,25.0683,-3.33864,0.378049,2.60192,4.56377,6.7028,9.03294,14.9668,17.3209,19.4753,21.2954,23.771,27.3789,-2.72505,0.324674,2.89543,4.03013,6.72825,8.57874,12,15.4201,17.2712,20.094,21.4869,25.5146,-3.48352,0.336632,1.79596,4.47896,6.56829,8.1686,15.8424,17.4422,19.6471,22.277,23.9934,27.5362,-2.53526,0.414143,2.55811,3.96198,6.3154,8.7858,12,15.2146,17.8319,20.0458,21.5553,25.2088,-4.28071,0.0960676,2.07118,4.02329,7.01132,9.668,14.3321,16.9877,20.0934,22.0876,23.876,28.2624,-1.63994,1.22306,1.70272,5.36639,6.95529,8.78504,12,15.3034,17.1652,18.6332,22.3277,24.2153,-4.81454,0.0148877,3.13968,4.97086,7.18278,10.1919,13.8092,16.831,19.1213,20.8882,23.9853,28.8113,-0.671917,1.30544,2.79039,5.14311,7.42053,9.32463,12,14.6841,16.5848,18.8901,21.3717,22.8384,-4.56809,0.242163,2.41169,5.52989,8.54222,10.4384,13.5622,15.4578,18.5195,21.6444,23.7795,28.5679,-0.0815311,1.88699,3.78139,5.6717,7.84968,9.79644,12,14.2077,16.1537,18.3355,20.229,22.1273,-4.65351,0.325659,3.36434,6.29921,8.82577,10.9351,13.0649,15.1742,17.7008,20.6394,23.6743,28.6534,18.3934,5.60658,12,16.082,7.918,12,13.9007,10.0993,12,13.1941,10.8059,12,
46,-2.53929,0.510636,2.94341,4.71545,7.07356,8.37306,12,15.6484,16.9265,19.4241,21.7746,25.28,-3.69376,0.256952,2.4168,4.44755,6.64341,9.09702,14.9027,17.3782,19.6456,21.4474,23.9077,27.7383,-2.93413,0.126143,2.78642,3.96888,6.73408,8.56936,12,15.4292,17.2655,20.1892,21.5571,25.7322,-3.78703,0.219429,1.67741,4.44689,6.55335,8.16552,15.8463,17.4585,19.6693,22.5184,24.1409,27.8444,-2.70767,0.24433,2.42413,3.85138,6.29592,8.7994,12,15.2012,17.8778,20.1633,21.7057,25.389,-4.59664,-0.105149,2.00056,3.94022,7.06581,9.74059,14.2596,16.9324,20.158,22.2557,24.0967,28.5767,-1.74018,1.19154,1.56094,5.3367,6.96538,8.85724,12,15.2708,17.141,18.6698,22.4519,24.336,-5.12848,-0.074071,3.04177,4.94696,7.1992,10.2377,13.7639,16.8119,19.1587,21.0038,24.0898,29.125,-0.741719,1.17464,2.71276,5.16336,7.38568,9.37462,12,14.6354,16.6196,18.8694,21.4479,22.9722,-4.83719,0.131104,2.2612,5.53846,8.5739,10.4738,13.5271,15.4257,18.5229,21.8264,23.8781,28.8369,-0.0935911,1.86268,3.73351,5.70179,7.85864,9.85303,12,14.1519,16.1449,18.3058,20.2695,22.1536,-4.90097,0.24351,3.28355,6.31255,8.85336,10.9331,13.0669,15.1466,17.6874,20.7206,23.7565,28.9009,18.541,5.45896,12,16.128,7.87201,12,13.9751,10.0249,12,13.325,10.675,12,
47,-2.7454,0.443716,2.92936,4.732,7.07076,8.38858,12,15.6402,16.9293,19.4286,21.8473,25.4917,-4.04887,0.135811,2.2323,4.3592,6.55785,9.1611,14.8386,17.4615,19.8129,21.5991,24.0444,28.0977,-3.14322,-0.108811,2.6474,3.90976,6.74336,8.55998,12,15.4382,17.2563,20.2741,21.6409,25.9499,-4.09055,0.102225,1.59529,4.41868,6.53493,8.15167,15.861,17.4784,19.6876,22.7598,24.2884,28.1526,-2.88007,0.0585586,2.29015,3.73934,6.27645,8.82378,12,15.1769,17.9236,20.2847,21.8542,25.5691,-4.91257,-0.333696,1.94478,3.86904,7.1203,9.8145,14.1871,16.8772,20.212,22.4256,24.3344,28.8911,-1.84043,1.15823,1.44521,5.29473,6.96767,8.93594,12,15.2288,17.1264,18.7183,22.5591,24.4566,-5.44242,-0.169857,2.94233,4.92119,7.22913,10.2848,13.7174,16.7796,19.1984,21.1271,24.1942,29.4387,-0.817143,1.05242,2.633,5.18465,7.35075,9.42328,12,14.588,16.6544,18.8478,21.523,23.1095,-5.10629,0.00808991,2.12068,5.55448,8.60241,10.5139,13.4873,15.3969,18.5168,22.0021,23.9834,29.106,-0.109842,1.83253,3.68722,5.73188,7.86747,9.90816,12,14.0975,16.1361,18.2761,20.3111,22.1884,-5.14843,0.16136,3.20276,6.32589,8.88105,10.9312,13.0688,15.119,17.6741,20.8018,23.8386,29.1484,18.6887,5.31134,12,16.174,7.82603,12,14.0496,9.95042,12,13.4559,10.5441,12,
48,-2.95151,0.368771,2.91531,4.74783,7.06797,8.42007,12,15.6151,16.9321,19.433,21.9201,25.7034,-4.40399,0.0146669,2.05582,4.29228,6.45703,9.22517,14.7745,17.5618,19.9773,21.7508,24.1812,28.4571,-3.3523,-0.365869,2.48691,3.85068,6.75552,8.5506,12,15.4472,17.2441,20.3469,21.7397,26.1676,-4.39406,-0.0149784,1.53528,4.3911,6.51363,8.12777,15.886,17.5013,19.7043,23.0012,24.4358,28.4608,-3.05248,-0.132114,2.15617,3.62811,6.25698,8.85821,12,15.1424,17.9695,20.4078,22,25.7493,-5.2285,-0.579515,1.89314,3.80936,7.1748,9.8919,14.1143,16.8219,20.2593,22.5982,24.5767,29.2055,-1.9409,1.11707,1.34628,5.24752,6.96902,9.01191,12,15.1824,17.1163,18.7709,22.6618,24.5772,-5.75636,-0.273415,2.85017,4.894,7.26553,10.3331,13.6697,16.7417,19.2397,21.252,24.2993,29.7524,-0.906427,0.946833,2.55006,5.20613,7.31581,9.47081,12,14.5418,16.6893,18.8265,21.6033,23.2462,-5.3754,-0.123353,1.98645,5.57274,8.62794,10.5593,13.4422,15.3711,18.5053,22.1679,24.0987,29.3751,-0.131336,1.79603,3.64965,5.76198,7.87509,9.96101,12,14.0453,16.1282,18.2464,20.3484,22.2326,-5.3959,0.0792108,3.12197,6.33922,8.90994,10.9293,13.0707,15.0904,17.6608,20.883,23.9208,29.3958,18.8363,5.16372,12,16.2199,7.78005,12,14.124,9.87596,12,13.5867,10.4133,12,
49,-3.15762,0.275487,2.90126,4.7581,7.06518,8.4555,12,15.5851,16.9349,19.4375,21.9928,25.9151,-4.75911,-0.106477,1.89768,4.23629,6.35784,9.28925,14.7104,17.667,20.1377,21.9024,24.3179,28.8165,-3.56138,-0.628165,2.31549,3.7916,6.7692,8.54122,12,15.4563,17.2303,20.4105,21.8519,26.3852,-4.69758,-0.132182,1.4805,4.36352,6.49082,8.09673,15.9184,17.5258,19.7209,23.2426,24.5833,28.769,-3.22489,-0.322871,2.02219,3.51668,6.2375,8.89977,12,15.1005,18.0153,20.531,22.1428,25.9294,-5.54443,-0.825879,1.84146,3.75955,7.22929,9.97444,14.0399,16.7667,20.3042,22.7737,24.8191,29.5199,-2.04574,1.06251,1.2522,5.20102,6.97037,9.07976,12.0005,15.1371,17.1068,18.8222,22.7644,24.6979,-6.0703,-0.384393,2.7734,4.86544,7.3026,10.382,13.6239,16.7034,19.2826,21.3726,24.4078,30.0661,-1.01408,0.861068,2.46311,5.22756,7.28088,9.5176,12,14.4963,16.7242,18.8064,21.6901,23.3792,-5.6445,-0.257923,1.85447,5.5911,8.65147,10.6093,13.3923,15.3474,18.4916,22.3196,24.2283,29.6442,-0.159189,1.75393,3.62343,5.79207,7.88005,10.0112,12,13.9958,16.1227,18.2167,20.3774,22.286,-5.64336,-0.00293861,3.04118,6.35256,8.94147,10.9274,13.0726,15.0595,17.6474,20.9642,24.0029,29.6433,18.9839,5.01611,12,16.2659,7.73407,12,14.1985,9.8015,12,13.7176,10.2824,12,
50,-3.36373,0.15705,2.88721,4.75802,7.06238,8.49094,12,15.555,16.9377,19.4425,22.0655,26.1268,-5.11423,-0.22762,1.76469,4.18173,6.26899,9.35332,14.6463,17.7717,20.2944,22.0541,24.4547,29.1759,-3.77047,-0.890477,2.14264,3.73252,6.78306,8.53184,12,15.4653,17.2163,20.4697,21.9721,26.6029,-5.00109,-0.249386,1.42574,4.33594,6.46783,8.06304,15.9537,17.5505,19.7375,23.484,24.7308,29.0772,-3.3973,-0.513628,1.88821,3.40309,6.21803,8.944,12,15.0556,18.0611,20.655,22.283,26.1095,-5.86036,-1.0618,1.78978,3.71897,7.28378,10.0629,13.9623,16.7115,20.3482,22.952,25.0614,29.8342,-2.16108,0.990924,1.15817,5.15578,6.97172,9.13393,12.0014,15.0951,17.0972,18.8722,22.867,24.8185,-6.38423,-0.501484,2.71724,4.83561,7.33979,10.4308,13.5856,16.6652,19.3269,21.4869,24.5233,30.3798,-1.13923,0.789847,2.37159,5.24845,7.24582,9.56397,12.0001,14.4512,16.7591,18.7879,21.7834,23.505,-5.9136,-0.39008,1.72316,5.61,8.67443,10.662,13.3396,15.3244,18.4762,22.4573,24.3723,29.9133,-0.194385,1.70903,3.6072,5.82216,7.88135,10.0578,12.0004,13.9495,16.1208,18.187,20.3992,22.3466,-5.89082,-0.085088,2.96039,6.3659,8.97515,10.9271,13.073,15.0265,17.6341,21.0453,24.0851,29.8907,19.1315,4.86849,12,16.3119,7.68809,12,14.273,9.72705,12,13.8485,10.1515,12,
51,-3.56984,0.0115791,2.87316,4.74576,7.05959,8.52638,12,15.5248,16.9405,19.4518,22.1382,26.3386,-5.46935,-0.348764,1.65874,4.12717,6.19231,9.4174,14.5822,17.8722,20.4492,22.2057,24.5914,29.5352,-3.97955,-1.15279,1.9698,3.67344,6.79691,8.52246,12,15.4743,17.2023,20.5285,22.0946,26.8206,-5.3046,-0.366589,1.37096,4.30837,6.4444,8.02968,15.9884,17.5759,19.7553,23.7254,24.8783,29.3854,-3.56971,-0.704385,1.75425,3.28466,6.19856,8.98843,12,15.0105,18.1058,20.7817,22.4213,26.2897,-6.17629,-1.28415,1.7381,3.68874,7.33817,10.157,13.8807,16.6564,20.3895,23.1322,25.3037,30.1486,-2.28999,0.90182,1.06415,5.11146,6.97307,9.17073,12.0029,15.0577,17.0876,18.9213,22.9696,24.9391,-6.69817,-0.622945,2.68215,4.80487,7.37776,10.4789,13.5587,16.6269,19.372,21.5962,24.6492,30.6935,-1.27632,0.725581,2.27539,5.26813,7.20999,9.6098,12.0003,14.4065,16.7939,18.7712,21.8817,23.6206,-6.1827,-0.518223,1.59196,5.63012,8.69738,10.7142,13.2873,15.3014,18.459,22.5846,24.5268,30.1824,-0.237477,1.66578,3.5981,5.85225,7.87867,10.0975,12.0014,13.9095,16.1227,18.1573,20.4173,22.4105,-6.13828,-0.167237,2.8796,6.37924,9.00807,10.9314,13.0689,14.9941,17.6208,21.1265,24.1672,30.1382,19.2791,4.72087,12,16.3579,7.64211,12,14.3474,9.65259,12,13.9794,10.0206,12,
52,-3.77595,-0.157478,2.85912,4.7226,7.0568,8.56182,12,15.4947,16.9433,19.4685,22.2109,26.5503,-5.82446,-0.469907,1.57638,4.0726,6.12654,9.48147,14.5181,17.9653,20.6037,22.3574,24.7282,29.8946,-4.18863,-1.4151,1.79696,3.61436,6.81076,8.51308,12,15.4834,17.1883,20.5873,22.2173,27.0382,-5.60812,-0.483793,1.31585,4.28079,6.41828,7.99903,16.02,17.6044,19.7761,23.9668,25.0258,29.6936,-3.74211,-0.895142,1.62062,3.15853,6.17908,9.03585,12,14.962,18.1473,20.9134,22.559,26.4707,-6.49221,-1.49329,1.68641,3.6714,7.38969,10.2556,13.7951,16.6047,20.4263,23.3128,25.5451,30.463,-2.43211,0.798299,0.970117,5.06772,6.97428,9.1892,12.0051,15.0284,17.078,18.9697,23.0722,25.0597,-7.01211,-0.747048,2.66287,4.7737,7.4176,10.5267,13.5418,16.5885,19.4172,21.7024,24.7871,31.0072,-1.41837,0.661495,2.17605,5.28612,7.17227,9.65431,12.0006,14.3623,16.829,18.7562,21.983,23.7243,-6.45181,-0.643744,1.46014,5.65192,8.72033,10.7623,13.2387,15.2784,18.4401,22.707,24.6869,30.4515,-0.288238,1.62864,3.59236,5.88234,7.87241,10.1277,12.0029,13.8787,16.1284,18.1276,20.4349,22.4741,-6.38575,-0.249387,2.79882,6.39257,9.037,10.9433,13.0574,14.9655,17.6074,21.2077,24.2494,30.3857,19.4267,4.57326,12,16.4039,7.59613,12,14.4219,9.57813,12,14.1103,9.88968,12,
53,-3.98206,-0.341995,2.84507,4.69236,7.054,8.59726,12,15.4646,16.946,19.4938,22.2836,26.762,-6.17958,-0.591051,1.50947,4.01804,6.06784,9.54555,14.454,18.0497,20.7583,22.509,24.8649,30.254,-4.39772,-1.67741,1.62413,3.55529,6.82462,8.5037,12,15.4924,17.1743,20.6461,22.34,27.2559,-5.91163,-0.600996,1.25991,4.25321,6.38717,7.97335,16.0464,17.6381,19.8014,24.2082,25.1732,30.0018,-3.91452,-1.0859,1.4878,3.02291,6.15961,9.0916,12,14.9049,18.1845,21.0517,22.6968,26.6563,-6.80814,-1.69245,1.63473,3.66746,7.43378,10.3566,13.7064,16.5613,20.4598,23.4935,25.7821,30.7773,-2.58421,0.686593,0.87609,5.02665,6.97461,9.19159,12.008,15.01,17.0689,19.015,23.1748,25.1804,-7.32605,-0.872304,2.64898,4.74249,7.46036,10.5751,13.531,16.5491,19.4625,21.8078,24.9366,31.3209,-1.56256,0.590574,2.08096,5.30231,7.13165,9.69597,12.001,14.3195,16.8649,18.7424,22.0852,23.8165,-6.72091,-0.768214,1.32732,5.67552,8.74329,10.8045,13.1961,15.2554,18.42,22.829,24.8488,30.7206,-0.345344,1.59952,3.58702,5.91243,7.86349,10.1467,12.0043,13.859,16.1369,18.0979,20.4524,22.5362,-6.63321,-0.331522,2.71803,6.40591,9.05937,10.9645,13.0369,14.943,17.5941,21.2889,24.3315,30.6331,19.5744,4.42564,12,16.4499,7.55015,12,14.4963,9.50367,12,14.2412,9.75878,12,
54,-4.18817,-0.531328,2.83102,4.66001,7.05121,8.6327,12,15.4344,16.9488,19.5267,22.3564,26.9737,-6.5347,-0.712195,1.44738,3.96347,6.01125,9.60963,14.3898,18.1266,20.9128,22.6607,25.0017,30.6134,-4.6068,-1.93972,1.45148,3.49621,6.83847,8.49432,12,15.5014,17.1603,20.7049,22.4627,27.4736,-6.21515,-0.7182,1.20294,4.22563,6.3498,7.95395,16.0665,17.678,19.8316,24.4496,25.3207,30.31,-4.08693,-1.27666,1.35584,2.87817,6.14012,9.15961,12,14.8355,18.2168,21.1967,22.8345,26.8494,-7.12407,-1.88647,1.58305,3.67347,7.46753,10.4579,13.6162,16.5287,20.4932,23.6741,26.0114,31.0917,-2.74145,0.573391,0.782062,4.99297,6.97303,9.18251,12.0114,15.0035,17.0611,19.0534,23.2774,25.301,-7.63998,-0.997708,2.62915,4.71128,7.50635,10.6256,13.5206,16.5076,19.5078,21.9133,25.0948,31.6346,-1.70723,0.506079,1.9988,5.31691,7.08779,9.73278,12.0015,14.2794,16.903,18.7291,22.1874,23.9001,-6.99001,-0.892905,1.19389,5.70071,8.76624,10.8405,13.1595,15.2324,18.3994,22.9526,25.0107,30.9897,-0.40633,1.57556,3.58168,5.94252,7.85312,10.1534,12.0055,13.8519,16.1471,18.0682,20.47,22.5967,-6.88067,-0.413623,2.63724,6.41925,9.07388,10.995,13.0071,14.928,17.5808,21.3701,24.4137,30.8806,19.722,4.27802,12,16.4958,7.50417,12,14.5708,9.42921,12,14.3721,9.62789,12,
55,-4.39428,-0.720749,2.81697,4.62764,7.04842,8.66814,12,15.4043,16.9516,19.5642,22.4291,27.1854,-6.88982,-0.833338,1.38539,3.9089,5.9547,9.6737,14.3257,18.1989,21.0667,22.8131,25.1384,30.9728,-4.81588,-2.20204,1.27911,3.43713,6.85232,8.48494,12,15.5105,17.1463,20.7637,22.5855,27.6912,-6.51866,-0.835404,1.14505,4.19805,6.30611,7.94086,16.0806,17.724,19.866,24.691,25.4682,30.6182,-4.25934,-1.46741,1.22451,2.72721,6.11993,9.24144,12,14.7527,18.2447,21.3466,22.9723,27.0517,-7.44,-2.0797,1.53137,3.6828,7.49099,10.5592,13.526,16.5069,20.5306,23.8548,26.2316,31.4061,-2.89948,0.460189,0.688034,4.97144,6.96861,9.16673,12.0148,15.0087,17.056,19.0814,23.3801,25.4216,-7.95392,-1.12311,2.60008,4.68006,7.55474,10.6794,13.5049,16.4631,19.5531,22.0202,25.2568,31.9484,-1.85191,0.403691,1.93454,5.33047,7.04154,9.76264,12.002,14.2432,16.9441,18.7159,22.2896,23.9808,-7.25912,-1.01778,1.06041,5.72695,8.7892,10.8718,13.1277,15.2094,18.3788,23.0766,25.1727,31.2587,-0.468169,1.55274,3.57634,5.97261,7.84243,10.148,12.0059,13.8576,16.1579,18.0385,20.4876,22.6558,-7.12814,-0.495778,2.55645,6.43258,9.08103,11.0324,12.9703,14.9202,17.5674,21.4513,24.4958,31.128,19.8696,4.13041,12,16.5418,7.45819,12,14.6452,9.35475,12,14.503,9.497,12,
56,-4.60039,-0.91017,2.80292,4.59602,7.04562,8.70357,12,15.3742,16.9544,19.6028,22.5018,27.3971,-7.24494,-0.954482,1.32354,3.85358,5.89814,9.73778,14.2616,18.27,21.2179,22.968,25.2751,31.3322,-5.02497,-2.46435,1.10681,3.37805,6.86618,8.47556,12,15.5195,17.1323,20.8225,22.7082,27.9089,-6.82217,-0.952607,1.08664,4.17048,6.25738,7.93281,16.0902,17.7746,19.9035,24.9324,25.6157,30.9264,-4.43175,-1.65817,1.09347,2.57461,6.09742,9.33593,12,14.6581,18.2697,21.4984,23.1101,27.2628,-7.75593,-2.27292,1.47953,3.68733,7.50763,10.6604,13.438,16.4932,20.5754,24.0354,26.443,31.7205,-3.05752,0.346986,0.594006,4.96519,6.96068,9.14927,12.0155,15.0247,17.0544,19.0963,23.4827,25.5422,-8.26786,-1.24852,2.56234,4.64885,7.60375,10.7381,13.4792,16.4153,19.5983,22.131,25.419,32.2621,-1.99658,0.282759,1.88882,5.34372,6.99466,9.78403,12.0024,14.2119,16.9886,18.7026,22.3914,24.0643,-7.52822,-1.14265,0.926932,5.75349,8.81215,10.8992,13.1004,15.1864,18.3582,23.1986,25.3346,31.5278,-0.529783,1.52992,3.571,6.00271,7.83174,10.1319,12.0053,13.8745,16.1687,18.0088,20.5051,22.7142,-7.3756,-0.57816,2.47566,6.44592,9.08355,11.0683,12.9349,14.9172,17.5541,21.5325,24.578,31.3755,20.0172,3.98279,12,16.5878,7.41221,12,14.7197,9.28029,12,14.6339,9.3661,12,
57,-4.8065,-1.09959,2.78887,4.56711,7.04283,8.73901,12,15.344,16.9572,19.6415,22.5745,27.6088,-7.60005,-1.07563,1.26205,3.79556,5.84158,9.80185,14.1975,18.3411,21.3651,23.127,25.4119,31.6916,-5.23405,-2.72666,0.934189,3.31897,6.88003,8.46618,12,15.5285,17.1183,20.8813,22.8309,28.1266,-7.12569,-1.06981,1.02817,4.1429,6.20594,7.92746,16.0976,17.8272,19.9421,25.1738,25.7632,31.2346,-4.60415,-1.84893,0.962465,2.42367,6.07067,9.4394,12,14.5558,18.2935,21.6503,23.2478,27.4805,-8.07186,-2.46614,1.42601,3.68256,7.52325,10.7561,13.363,16.4833,20.6283,24.2161,26.6477,32.0348,-3.21556,0.233784,0.499977,4.97439,6.94903,9.13181,12.0081,15.0492,17.0569,19.0978,23.5853,25.6629,-8.5818,-1.37392,2.51846,4.61764,7.65276,10.8042,13.4415,16.3647,19.6436,22.2471,25.5813,32.5758,-2.14125,0.14667,1.85825,5.35696,6.94778,9.79669,12.0027,14.1862,17.0357,18.6893,22.4904,24.1547,-7.79732,-1.26752,0.793454,5.77999,8.8351,10.9221,13.078,15.1634,18.3376,23.3166,25.4965,31.7969,-0.591001,1.5071,3.56567,6.03285,7.82105,10.1077,12.0039,13.9,16.1795,17.979,20.5227,22.7726,-7.62306,-0.660939,2.39487,6.45926,9.0847,11.0924,12.911,14.9158,17.5407,21.6137,24.6601,31.623,20.1648,3.83517,12,16.6338,7.36623,12,14.7942,9.20583,12,14.7648,9.23521,12,
58,-5.01261,-1.28901,2.77482,4.54262,7.04004,8.77445,12,15.3139,16.96,19.6801,22.6472,27.8206,-7.95517,-1.19678,1.20111,3.7331,5.78503,9.86593,14.1334,18.4122,21.5077,23.2906,25.5486,32.0509,-5.44313,-2.98897,0.760852,3.25989,6.89388,8.4568,12,15.5376,17.1043,20.9401,22.9536,28.3442,-7.4292,-1.18701,0.969903,4.11532,6.15411,7.92251,16.1048,17.8801,19.9807,25.4152,25.9106,31.5428,-4.77656,-2.0396,0.831431,2.27717,6.038,9.54644,12,14.4512,18.3174,21.8022,23.3856,27.7018,-8.38779,-2.65944,1.36923,3.66758,7.54458,10.836,13.3123,16.4719,20.6867,24.3968,26.8489,32.3492,-3.3736,0.120582,0.404767,4.99604,6.93402,9.11435,11.9923,15.0779,17.0631,19.0881,23.6879,25.7835,-8.89574,-1.49933,2.47234,4.58642,7.70178,10.8776,13.3942,16.3132,19.6889,22.3688,25.7436,32.8895,-2.28593,0.00231883,1.83595,5.3702,6.9009,9.80213,12.0031,14.1656,17.0839,18.676,22.5837,24.2554,-8.06643,-1.39239,0.659976,5.80604,8.85806,10.939,13.0617,15.1404,18.3174,23.43,25.6585,32.066,-0.651766,1.48419,3.56033,6.06344,7.81036,10.0785,12.0023,13.9306,16.1904,17.949,20.5403,22.8309,-7.87053,-0.744171,2.31416,6.4726,9.08582,11.0987,12.9049,14.9144,17.5274,21.6949,24.7423,31.8704,20.3124,3.68755,12,16.6798,7.32024,12,14.8686,9.13137,12,14.8957,9.10431,12,
59,-5.21872,-1.47843,2.76078,4.5235,7.03724,8.80989,12,15.2838,16.9628,19.7188,22.7199,28.0323,-8.31029,-1.31951,1.14068,3.66528,5.72847,9.93001,14.0693,18.4833,21.646,23.4585,25.6854,32.4103,-5.65222,-3.25128,0.588292,3.20082,6.90774,8.44742,12,15.5466,17.0903,20.9989,23.0763,28.5619,-7.73272,-1.30422,0.911924,4.08774,6.10228,7.91757,16.112,17.933,20.0193,25.6566,26.0581,31.851,-4.94897,-2.22937,0.700396,2.13964,5.99866,9.65367,12,14.3465,18.3412,21.954,23.5233,27.9236,-8.70372,-2.85365,1.30871,3.64564,7.57484,10.8925,13.2926,16.4577,20.7473,24.5774,27.0496,32.6636,-3.53164,0.00737919,0.304327,5.02472,6.91657,9.09688,11.9688,15.1051,17.0722,19.0718,23.7905,25.9041,-9.20967,-1.62473,2.42614,4.55521,7.75079,10.9551,13.3424,16.2639,19.7342,22.495,25.9058,33.2032,-2.4306,-0.143264,1.81488,5.38345,6.85402,9.80348,12.0035,14.1489,17.1322,18.6627,22.6696,24.3676,-8.33553,-1.51736,0.526499,5.83116,8.88101,10.9496,13.0518,15.1174,18.2983,23.5392,25.8204,32.3351,-0.712102,1.45967,3.55499,6.09496,7.79967,10.0475,12.0009,13.9627,16.2012,17.9178,20.5578,22.8893,-8.11799,-0.827731,2.23508,6.48593,9.08693,11.0859,12.9178,14.9131,17.5141,21.776,24.8244,32.1179,20.4601,3.53994,12,16.7257,7.27426,12,14.9431,9.05692,12,15.0266,8.97342,12,
60,-5.42483,-1.66785,2.74673,4.50957,7.03445,8.84533,12,15.2537,16.9656,19.7575,22.7927,28.244,-8.66541,-1.44866,1.08046,3.59226,5.67191,9.99408,14.0052,18.5544,21.7813,23.6294,25.8221,32.7697,-5.8613,-3.51359,0.421808,3.14174,6.92159,8.43804,12,15.5556,17.0763,21.0577,23.1991,28.7795,-8.03623,-1.42142,0.854085,4.06017,6.05045,7.91262,16.1192,17.9859,20.0579,25.8979,26.2056,32.1592,-5.12138,-2.41713,0.569361,2.01395,5.95335,9.7609,12,14.2419,18.365,22.1055,23.6611,28.1453,-9.01965,-3.04988,1.24498,3.62238,7.61208,10.9232,13.3045,16.4422,20.8068,24.7581,27.2503,32.978,-3.68967,-0.105823,0.195257,5.05473,6.89808,9.07943,11.94,15.1257,17.0826,19.054,23.8936,26.0247,-9.52361,-1.75014,2.37996,4.524,7.7998,11.0327,13.289,16.2212,19.7795,22.6238,26.0681,33.5169,-2.57527,-0.288847,1.7938,5.39669,6.80714,9.80413,12.0038,14.1339,17.1804,18.6494,22.7479,24.4905,-8.60463,-1.643,0.393021,5.85447,8.90397,10.9548,13.047,15.0944,18.2808,23.6454,25.9824,32.6042,-0.771696,1.43106,3.54965,6.12771,7.78955,10.0164,11.9998,13.9948,16.212,17.885,20.5754,22.9477,-8.36545,-0.911364,2.16008,6.49928,9.08793,11.0567,12.9471,14.912,17.5007,21.8572,24.9066,32.3653,20.6077,3.39232,12,16.7717,7.22828,12,15.0175,8.98246,12,15.1575,8.84253,12,
61,-5.63094,-1.85728,2.73268,4.49949,7.03166,8.88077,12,15.2235,16.9684,19.7961,22.8654,28.4557,-9.02053,-1.58832,1.02025,3.5154,5.61536,10.0582,13.9411,18.6255,21.9156,23.8013,25.9589,33.1291,-6.07038,-3.77591,0.265828,3.08266,6.93545,8.42866,12,15.5646,17.0623,21.1165,23.3218,28.9972,-8.33974,-1.5385,0.79625,4.03259,5.99861,7.90767,16.1264,18.0388,20.0965,26.1393,26.3531,32.4674,-5.29379,-2.60223,0.438015,1.90043,5.90448,9.86814,12,14.1372,18.3888,22.2537,23.7988,28.3671,-9.33558,-3.24889,1.17961,3.59911,7.65297,10.9314,13.3427,16.4266,20.866,24.9387,27.451,33.2923,-3.84771,-0.219025,0.0759737,5.08475,6.87952,9.06348,11.9091,15.1369,17.0931,19.0361,23.9999,26.1454,-9.83755,-1.87554,2.33413,4.49278,7.8473,11.1064,13.2378,16.1878,19.8247,22.7528,26.2304,33.8306,-2.71995,-0.43443,1.77236,5.40993,6.76026,9.80479,12.0042,14.1191,17.2286,18.6361,22.82,24.621,-8.87374,-1.7699,0.259543,5.87279,8.92692,10.9571,13.0448,15.0714,18.2651,23.7501,26.1443,32.8733,-0.830035,1.39687,3.54432,6.16157,7.78308,9.98533,11.9989,14.0269,16.2228,17.8504,20.593,23.006,-8.61291,-0.994997,2.09065,6.51286,9.08702,11.0187,12.9848,14.9132,17.4874,21.9384,24.9887,32.6128,20.7553,3.2447,12,16.8177,7.1823,12,15.092,8.908,12,15.2884,8.71163,12,
62,-5.83705,-2.0467,2.71863,4.49094,7.02886,8.91621,12,15.1934,16.9712,19.8348,22.9381,28.6674,-9.37565,-1.74051,0.960032,3.43701,5.5588,10.1222,13.8769,18.6966,22.0499,23.9733,26.0956,33.4885,-6.27947,-4.03822,0.122367,3.02358,6.9493,8.41928,12,15.5737,17.0483,21.1753,23.4445,29.2149,-8.64326,-1.65569,0.738415,4.00501,5.94678,7.90273,16.1336,18.0916,20.1351,26.3807,26.5005,32.7756,-5.46619,-2.78482,0.305666,1.79718,5.85499,9.97525,12,14.0326,18.4127,22.3958,23.9366,28.5889,-9.65151,-3.45091,1.11532,3.57584,7.69447,10.9244,13.3972,16.411,20.9253,25.1194,27.6517,33.6067,-4.00575,-0.332228,-0.0530435,5.11476,6.86097,9.05347,11.8778,15.138,17.1036,19.0183,24.1122,26.266,-10.1515,-2.00094,2.28935,4.46156,7.88885,11.172,13.194,16.1646,19.87,22.8819,26.3927,34.1443,-2.86462,-0.580013,1.74988,5.42318,6.71338,9.80545,12.0046,14.1042,17.2768,18.6229,22.8889,24.7549,-9.14284,-1.89831,0.126065,5.88336,8.94987,10.9589,13.043,15.0484,18.2513,23.8547,26.3062,33.1424,-0.886858,1.35681,3.53898,6.19593,7.7832,9.95424,11.9983,14.0591,16.2336,17.814,20.6105,23.0644,-8.86038,-1.07863,2.02711,6.5271,9.081,10.9821,13.0205,14.9201,17.474,22.0196,25.0709,32.8603,20.9029,3.09709,12,16.8637,7.13632,12,15.1665,8.83354,12,15.4193,8.58074,12,
63,-6.04315,-2.23612,2.70458,4.48246,7.02607,8.95165,12,15.1633,16.974,19.8735,23.0108,28.8791,-9.73076,-1.90471,0.899816,3.35855,5.50224,10.1863,13.8128,18.7677,22.1841,24.1453,26.2324,33.8479,-6.48855,-4.30053,-0.00907011,2.9645,6.96315,8.4099,12,15.5827,17.0343,21.2342,23.5672,29.4325,-8.94677,-1.7738,0.68058,3.97743,5.89495,7.89778,16.1408,18.1445,20.1738,26.6221,26.648,33.0838,-5.6386,-2.96584,0.172436,1.70126,5.8055,10.0781,12,13.9279,18.4365,22.5303,24.0743,28.8107,-9.96744,-3.65562,1.05394,3.55258,7.73598,10.9147,13.4566,16.3954,20.9845,25.3001,27.8524,33.9211,-4.16379,-0.44543,-0.189382,5.14497,6.84241,9.05303,11.8469,15.1301,17.1141,19.0004,24.2322,26.3866,-10.4654,-2.12635,2.24608,4.43015,7.92085,11.2264,13.163,16.1503,19.9153,23.011,26.5549,34.458,-3.00929,-0.725596,1.72588,5.43642,6.66649,9.80611,12.0049,14.0893,17.3251,18.6096,22.9573,24.8892,-9.41194,-2.02804,-0.00741266,5.88519,8.97283,10.9607,13.0412,15.0254,18.2387,23.9593,26.4682,33.4115,-0.942362,1.31174,3.53364,6.23001,7.79127,9.9231,11.9976,14.0912,16.2444,17.7769,20.6281,23.1228,-9.10784,-1.16226,1.96856,6.54241,9.06737,10.953,13.0485,14.9348,17.4601,22.1008,25.153,33.1077,21.0505,2.94947,12,16.9097,7.09034,12,15.2409,8.75908,12,15.5502,8.44984,12,
64,-6.24926,-2.42554,2.69053,4.47398,7.02328,8.98709,12,15.1331,16.9768,19.9121,23.0835,29.0909,-10.0859,-2.07804,0.8396,3.28009,5.44569,10.2504,13.7487,18.8388,22.3184,24.3172,26.3691,34.2073,-6.69763,-4.56284,-0.131388,2.90542,6.97701,8.40052,12,15.5917,17.0203,21.293,23.6899,29.6502,-9.25029,-1.89361,0.622744,3.94986,5.84311,7.89283,16.1481,18.1974,20.2124,26.8635,26.7955,33.392,-5.81101,-3.14686,0.0390755,1.60881,5.756,10.1688,12,13.8234,18.4603,22.6572,24.2121,29.0324,-10.2834,-3.86218,0.996258,3.52931,7.77748,10.9162,13.5159,16.3798,21.0437,25.4807,28.0531,34.2355,-4.32183,-0.558632,-0.329194,5.17575,6.82386,9.06378,11.8127,15.1162,17.1246,18.9826,24.3598,26.5073,-10.7794,-2.25175,2.20448,4.39817,7.94164,11.2664,13.1505,16.1421,19.9606,23.14,26.7172,34.7717,-3.15397,-0.871179,1.70021,5.44966,6.61961,9.80677,12.0053,14.0745,17.3733,18.5963,23.0258,25.0235,-9.68105,-2.15841,-0.140554,5.87915,8.99578,10.9625,13.0394,15.0024,18.2269,24.064,26.6301,33.6805,-0.997561,1.26345,3.5283,6.26305,7.80694,9.89093,11.9969,14.124,16.2551,17.7401,20.6457,23.1811,-9.3553,-1.2459,1.91325,6.55903,9.04514,10.9336,13.0672,14.9582,17.4452,22.182,25.2352,33.3552,21.1981,2.80185,12,16.9556,7.04436,12,15.3154,8.68462,12,15.681,8.31895,12,
65,-6.45537,-2.61496,2.67648,4.4655,7.02048,9.02253,12,15.103,16.9796,19.9508,23.1562,29.3026,-10.441,-2.25575,0.779384,3.20162,5.38913,10.3145,13.6846,18.9099,22.4526,24.4892,26.5058,34.5666,-6.90672,-4.82515,-0.249323,2.84635,6.99086,8.39114,12,15.6008,17.0063,21.3518,23.8127,29.8679,-9.5538,-2.01595,0.564909,3.92228,5.79128,7.88789,16.1553,18.2503,20.251,27.1049,26.9443,33.7002,-5.98342,-3.32961,-0.0929873,1.5167,5.70651,10.2416,12,13.7202,18.4841,22.778,24.3499,29.2542,-10.5993,-4.06946,0.942247,3.50604,7.81899,10.9356,13.5739,16.3642,21.1029,25.6601,28.2538,34.5498,-4.47987,-0.671835,-0.469355,5.20734,6.8053,9.08516,11.773,15.1001,17.1351,18.9647,24.4936,26.6279,-11.0933,-2.37716,2.16435,4.36538,7.95182,11.291,13.159,16.136,20.0058,23.2691,26.8795,35.0854,-3.29864,-1.01676,1.67308,5.46291,6.57273,9.80742,12.0056,14.0596,17.4215,18.583,23.0942,25.1579,-9.95015,-2.28883,-0.271923,5.86741,9.01873,10.9643,13.0376,14.9794,18.2168,24.1686,26.792,33.9496,-1.05448,1.2141,3.52296,6.29479,7.8283,9.85626,11.9963,14.1587,16.2641,17.7044,20.6632,23.2395,-9.60277,-1.32953,1.85898,6.57695,9.01516,10.9244,13.0762,14.9893,17.4291,22.2632,25.3173,33.6026,21.3458,2.65423,12,17.0016,6.99838,12,15.3898,8.61016,12,15.8119,8.18806,12,
66,-6.66148,-2.80438,2.66244,4.45702,7.01769,9.05797,12,15.0729,16.9824,19.9895,23.229,29.5143,-10.7961,-2.43391,0.719168,3.12316,5.33257,10.3785,13.6205,18.981,22.5869,24.6611,26.6426,34.926,-7.1158,-5.08747,-0.366803,2.78727,7.00471,8.38176,12,15.6098,16.9923,21.4106,23.9354,30.0855,-9.85731,-2.14165,0.507074,3.8947,5.73945,7.88294,16.1625,18.3032,20.2896,27.3463,27.0974,34.0084,-6.15583,-3.515,-0.22182,1.4246,5.65701,10.2951,12,13.6185,18.5079,22.8953,24.4876,29.476,-10.9152,-4.27678,0.89104,3.48278,7.8605,10.9743,13.6304,16.3486,21.1621,25.8351,28.4545,34.8642,-4.6379,-0.785037,-0.609515,5.23973,6.78675,9.11452,11.7286,15.084,17.1456,18.9469,24.6313,26.7485,-11.4072,-2.50256,2.12523,4.33179,7.95402,11.3047,13.1832,16.13,20.0511,23.3976,27.0418,35.3991,-3.44332,-1.16234,1.64493,5.47615,6.52585,9.80808,12.006,14.0448,17.4697,18.5697,23.1626,25.2922,-10.2193,-2.41925,-0.400417,5.85304,9.04169,10.9661,13.0356,14.9566,18.2104,24.2732,26.954,34.2187,-1.11428,1.16473,3.51763,6.32549,7.8523,9.81822,11.9956,14.1964,16.2694,17.67,20.6808,23.2979,-9.85023,-1.41316,1.80474,6.59591,8.98,10.9238,13.0771,15.0254,17.4118,22.3444,25.3995,33.8501,21.4934,2.50662,12,17.0476,6.9524,12,15.4643,8.5357,12,15.9428,8.05716,12,
67,-6.86759,-2.9938,2.64839,4.44855,7.0149,9.09341,12,15.0427,16.9852,20.0281,23.3017,29.726,-11.1512,-2.61208,0.658951,3.0447,5.27601,10.4426,13.5564,19.0521,22.7211,24.8331,26.7793,35.2854,-7.32493,-5.34973,-0.484282,2.72819,7.01857,8.37238,12,15.6188,16.9783,21.4694,24.0581,30.3032,-10.1608,-2.27141,0.449239,3.86712,5.68761,7.87799,16.1697,18.356,20.3282,27.5877,27.2575,34.3166,-6.32823,-3.70277,-0.345464,1.3325,5.60752,10.3314,12,13.5166,18.5318,23.0122,24.6254,29.6977,-11.2312,-4.4841,0.841089,3.45951,7.902,11.0297,13.6836,16.3331,21.2214,26.0031,28.6552,35.1786,-4.79594,-0.898239,-0.749676,5.27264,6.76819,9.14771,11.6833,15.0713,17.1561,18.929,24.773,26.8691,-11.7212,-2.62797,2.0865,4.29768,7.95237,11.3144,13.2127,16.1241,20.0964,23.5226,27.204,35.7129,-3.58799,-1.30793,1.61639,5.48939,6.47897,9.80874,12.0064,14.0299,17.5179,18.5564,23.231,25.4265,-10.4884,-2.54967,-0.525741,5.83843,9.06464,10.9679,13.0333,14.9341,18.2091,24.3778,27.1159,34.4878,-1.17725,1.11536,3.51229,6.35558,7.87503,9.7782,11.9949,14.2374,16.2696,17.6366,20.6984,23.3562,-10.0977,-1.4968,1.7505,6.61548,8.94323,10.9283,13.0735,15.0629,17.3935,22.4256,25.4816,34.0975,21.641,2.359,12,17.0936,6.90642,12,15.5388,8.46125,12,16.0737,7.92627,12,
68,-7.0737,-3.18322,2.63434,4.44007,7.0121,9.12885,12,15.0126,16.988,20.0668,23.3744,29.9377,-11.5064,-2.79024,0.598735,2.96623,5.21946,10.5067,13.4923,19.1232,22.8554,25.005,26.9161,35.6448,-7.53619,-5.60987,-0.601762,2.66911,7.03242,8.363,12,15.6279,16.9643,21.5282,24.1808,30.5209,-10.4643,-2.40545,0.391404,3.8394,5.63578,7.87305,16.1769,18.4089,20.3668,27.8291,27.4257,34.6248,-6.50064,-3.89218,-0.463276,1.24039,5.55817,10.3558,12,13.4125,18.5556,23.129,24.7631,29.9195,-11.5471,-4.69142,0.791233,3.43624,7.94351,11.0934,13.7296,16.3175,21.2806,26.1631,28.8559,35.493,-4.95398,-1.01144,-0.889837,5.30563,6.74964,9.18133,11.6415,15.0681,17.1666,18.9116,24.9211,26.9898,-12.0351,-2.75337,2.04779,4.26349,7.9503,11.3238,13.2424,16.1181,20.1417,23.6412,27.3663,36.0266,-3.73266,-1.45351,1.58784,5.50264,6.43209,9.8094,12.0069,14.0151,17.5658,18.5432,23.2995,25.5608,-10.7575,-2.68009,-0.648349,5.82381,9.0873,10.9697,13.0307,14.9119,18.2132,24.4824,27.2779,34.7569,-1.24293,1.06599,3.50695,6.38552,7.89064,9.7425,11.9943,14.2812,16.2644,17.6037,20.7159,23.4146,-10.3452,-1.58043,1.69627,6.6352,8.90672,10.9356,13.0669,15.1004,17.3746,22.5068,25.5638,34.345,21.7886,2.21138,12,17.1396,6.86044,12,15.6132,8.38679,12,16.2046,7.79537,12,
69,-7.27981,-3.37264,2.62029,4.43159,7.00931,9.16429,12,14.9825,16.9908,20.1055,23.4471,30.1494,-11.8615,-2.96841,0.538519,2.88777,5.1629,10.5708,13.4282,19.1943,22.9896,25.177,27.0528,36.0042,-7.75392,-5.86353,-0.719242,2.61003,7.04627,8.35362,12,15.6369,16.9503,21.587,24.3035,30.7385,-10.7679,-2.54327,0.333569,3.81058,5.58395,7.8681,16.1841,18.4618,20.4054,28.0705,27.6015,34.933,-6.67305,-4.08222,-0.576684,1.14829,5.50992,10.3751,12,13.3055,18.5794,23.2458,24.9009,30.1413,-11.863,-4.89874,0.741377,3.41297,7.98501,11.1557,13.7632,16.3019,21.3398,26.3154,29.0566,35.8073,-5.11202,-1.12464,-1.03,5.33862,6.73109,9.21495,11.6062,15.0802,17.1771,18.8978,25.0773,27.1104,-12.3491,-2.87878,2.00908,4.2293,7.94823,11.3298,13.2721,16.1121,20.187,23.7518,27.5286,36.3403,-3.87734,-1.59909,1.55928,5.51588,6.38521,9.81005,12.0109,14.0002,17.6099,18.5299,23.3679,25.6952,-11.0266,-2.81051,-0.769215,5.8092,9.1083,10.9715,13.0281,14.8909,18.222,24.587,27.4398,35.026,-1.31036,1.01662,3.50161,6.41546,7.89348,9.71835,11.9936,14.3248,16.2553,17.571,20.7335,23.473,-10.5926,-1.66406,1.64203,6.65492,8.87133,10.9447,13.0587,15.1379,17.3556,22.5879,25.6459,34.5925,21.9362,2.06377,12,17.1855,6.81445,12,15.6877,8.31233,12,16.3355,7.66448,12,
70,-7.48592,-3.56206,2.60624,4.42311,7.00652,9.19973,12,14.9524,16.9936,20.1441,23.5198,30.3611,-12.2166,-3.14657,0.478303,2.8093,5.10634,10.6348,13.3641,19.2654,23.1239,25.3489,27.1896,36.3636,-7.98132,-6.10753,-0.836721,2.55095,7.06013,8.34424,12,15.6459,16.9363,21.6458,24.4263,30.9562,-11.0714,-2.68313,0.275733,3.77964,5.53211,7.86315,16.1913,18.5147,20.444,28.3119,27.7831,35.2412,-6.84546,-4.2723,-0.68802,1.05619,5.46378,10.3939,12,13.1964,18.6032,23.3626,25.0386,30.363,-12.1789,-5.10605,0.691521,3.38971,8.02652,11.2109,13.7798,16.2863,21.399,26.462,29.2573,36.1217,-5.27006,-1.23785,-1.17016,5.37161,6.71253,9.24857,11.5787,15.1113,17.1876,18.8916,25.2415,27.231,-12.663,-3.00418,1.97038,4.19511,7.94617,11.3267,13.3018,16.1062,20.2322,23.8543,27.6909,36.654,-4.02201,-1.74468,1.53072,5.52912,6.33833,9.80982,12.0247,13.9853,17.6466,18.5166,23.4363,25.8295,-11.2957,-2.94093,-0.889494,5.79458,9.12643,10.9733,13.0256,14.8721,18.2338,24.6916,27.6017,35.2951,-1.37837,0.967248,3.49627,6.4454,7.88064,9.71039,11.9929,14.3618,16.248,17.5383,20.7511,23.5313,-10.8401,-1.7477,1.58779,6.67464,8.83752,10.9546,13.0501,15.1755,17.3366,22.6691,25.7281,34.8399,22.0839,1.91615,12,17.2315,6.76847,12,15.7621,8.23787,12,16.4664,7.53359,12,
71,-7.69203,-3.75149,2.59219,4.41463,7.00372,9.23517,12,14.9222,16.9964,20.1828,23.5926,30.5729,-12.5717,-3.32473,0.418087,2.73084,5.04979,10.6989,13.2999,19.3365,23.2581,25.5209,27.3263,36.723,-8.21961,-6.34063,-0.954201,2.49188,7.07398,8.33486,12,15.655,16.9223,21.7046,24.549,31.1739,-11.3749,-2.82319,0.217898,3.74603,5.48028,7.8582,16.1985,18.5676,20.4826,28.5533,27.9673,35.5494,-7.01787,-4.46237,-0.799151,0.964084,5.42033,10.4126,12,13.0869,18.6271,23.4794,25.1764,30.5848,-12.4949,-5.31337,0.641665,3.36644,8.06803,11.2591,13.777,16.2707,21.4582,26.6059,29.458,36.4361,-5.4281,-1.35105,-1.31032,5.4046,6.69398,9.28219,11.5581,15.1623,17.1981,18.8951,25.4119,27.3516,-12.9769,-3.12958,1.93167,4.16092,7.9441,11.3116,13.3315,16.1002,20.2775,23.9506,27.8531,36.9677,-4.16668,-1.89026,1.50216,5.54236,6.29145,9.80621,12.0536,13.9708,17.6734,18.5033,23.5047,25.9638,-11.5648,-3.07135,-1.00975,5.77997,9.14111,10.9751,13.023,14.8561,18.2469,24.7962,27.7637,35.5642,-1.44641,0.917876,3.49094,6.47534,7.85267,9.71895,11.9923,14.3867,16.2486,17.5056,20.7686,23.5898,-11.0875,-1.83133,1.53355,6.69435,8.80516,10.965,13.0414,15.213,17.3176,22.7502,25.8102,35.0874,22.2315,1.76853,12,17.2775,6.72249,12,15.8366,8.16341,12,16.5973,7.40269,12,
72,-7.89814,-3.94091,2.57814,4.40615,7.00093,9.27061,12,14.8921,16.9992,20.2215,23.6653,30.7846,-12.9268,-3.5029,0.357871,2.65238,4.99323,10.763,13.2358,19.4076,23.3924,25.6929,27.4631,37.0824,-8.46783,-6.56381,-1.07168,2.4328,7.08784,8.32548,12,15.664,16.9083,21.7634,24.6717,31.3915,-11.6784,-2.96326,0.160063,3.7097,5.42845,7.85326,16.2057,18.6205,20.5213,28.7947,28.1517,35.8575,-7.19027,-4.65244,-0.910283,0.87198,5.37959,10.4314,12,12.9774,18.6509,23.5962,25.3142,30.8066,-12.8108,-5.52069,0.591808,3.34317,8.10953,11.3027,13.7576,16.2552,21.5175,26.7496,29.6587,36.7505,-5.58613,-1.46425,-1.45048,5.43759,6.67542,9.31581,11.5421,15.2299,17.2086,18.9088,25.5853,27.4723,-13.2909,-3.25499,1.89296,4.12672,7.94203,11.2833,13.3612,16.0942,20.3228,24.044,28.0154,37.2814,-4.31136,-2.03584,1.4736,5.55561,6.24457,9.79773,12.0969,13.9601,17.6901,18.49,23.5732,26.0981,-11.8339,-3.20177,-1.13001,5.76535,9.15244,10.9768,13.0204,14.8428,18.2601,24.9009,27.9256,35.8333,-1.51444,0.868505,3.4856,6.50529,7.81351,9.73996,11.9916,14.3972,16.2608,17.4729,20.7862,23.6495,-11.335,-1.91496,1.47931,6.71407,8.77366,10.9767,13.0328,15.2505,17.2986,22.8301,25.8924,35.3348,22.3791,1.62091,12,17.3235,6.67651,12,15.911,8.08895,12,16.7282,7.2718,12,
73,-8.10425,-4.13033,2.5641,4.39768,6.99814,9.30605,12,14.862,17.002,20.2601,23.738,30.9963,-13.2819,-3.68106,0.297655,2.57391,4.93667,10.8271,13.1717,19.4787,23.5266,25.8648,27.5998,37.4417,-8.72298,-6.78005,-1.18916,2.37372,7.10169,8.3161,12,15.673,16.8943,21.8222,24.7944,31.6092,-11.9819,-3.10332,0.102228,3.67117,5.37661,7.84831,16.2126,18.6733,20.5599,29.0361,28.3362,36.1657,-7.36268,-4.84252,-1.02141,0.779877,5.34104,10.4502,12,12.8679,18.6747,23.713,25.4519,31.0284,-13.1267,-5.72801,0.541952,3.31991,8.15104,11.3439,13.728,16.2398,21.5767,26.8933,29.8594,37.0648,-5.74417,-1.57745,-1.59064,5.47058,6.65687,9.34943,11.5284,15.3076,17.2191,18.9308,25.759,27.5929,-13.6048,-3.38039,1.85425,4.09253,7.93996,11.2426,13.3909,16.0883,20.3681,24.137,28.1777,37.5951,-4.45603,-2.18143,1.44504,5.56885,6.19769,9.78457,12.1485,13.958,17.6985,18.4767,23.6416,26.2325,-12.103,-3.33219,-1.25027,5.75074,9.16111,10.9786,13.0178,14.8315,18.2736,25.0055,28.0875,36.1024,-1.58247,0.819133,3.48026,6.53523,7.76934,9.76587,11.9909,14.394,16.2848,17.4401,20.8038,23.7113,-11.5825,-1.9986,1.42507,6.73379,8.7423,10.9911,13.024,15.288,17.2796,22.9078,25.9745,35.5823,22.5267,1.4733,12,17.3695,6.63053,12,15.9855,8.01449,12,16.8591,7.1409,12,
74,-8.31036,-4.31975,2.55005,4.3892,6.99534,9.34149,12,14.8318,17.0047,20.2988,23.8107,31.208,-13.6371,-3.85923,0.237439,2.49545,4.88012,10.8911,13.1076,19.5498,23.6609,26.0368,27.7365,37.8011,-8.98079,-6.99364,-1.30664,2.31464,7.11554,8.30672,12,15.6821,16.8803,21.881,24.9171,31.8269,-12.2854,-3.24338,0.0443926,3.63139,5.32478,7.84336,16.2194,18.7262,20.5985,29.2775,28.5206,36.4739,-7.53509,-5.03259,-1.13255,0.687774,5.30375,10.4689,12,12.7584,18.6985,23.8299,25.5897,31.2501,-13.4427,-5.93533,0.492096,3.29664,8.19254,11.3848,13.6961,16.2247,21.6359,27.037,30.0601,37.3792,-5.90221,-1.69066,-1.7308,5.50347,6.63831,9.38304,11.5151,15.3876,17.2295,18.9578,25.9326,27.7135,-13.9187,-3.5058,1.81555,4.05834,7.9379,11.1931,13.4206,16.0823,20.4133,24.2301,28.34,37.9088,-4.6007,-2.32701,1.41649,5.58209,6.15091,9.76838,12.1994,13.9685,17.7018,18.4635,23.71,26.3668,-12.3721,-3.46261,-1.37053,5.73612,9.16823,10.9804,13.0152,14.8213,18.2881,25.1101,28.2495,36.3714,-1.65051,0.769762,3.47492,6.56517,7.72471,9.78968,11.9899,14.3817,16.3173,17.4074,20.8213,23.776,-11.8299,-2.08223,1.37083,6.75351,8.71094,11.0092,13.0141,15.3255,17.2605,22.9827,26.0567,35.8298,22.6743,1.32568,12,17.4155,6.58455,12,16.06,7.94003,12,16.99,7.01001,12,
75,-8.51647,-4.50917,2.536,4.38072,6.99255,9.37693,12,14.8017,17.0075,20.3375,23.8834,31.4197,-13.9922,-4.03739,0.177223,2.41699,4.82356,10.9552,13.0435,19.6209,23.7951,26.2087,27.8733,38.1605,-9.23871,-7.20711,-1.42412,2.25556,7.1294,8.29734,12,15.6911,16.8663,21.9398,25.0399,32.0445,-12.5889,-3.38345,-0.0134425,3.59139,5.27295,7.83842,16.2261,18.7791,20.6371,29.5189,28.705,36.7821,-7.7075,-5.22267,-1.24368,0.595671,5.26669,10.4877,12,12.6489,18.7223,23.9467,25.7274,31.4719,-13.7586,-6.14265,0.44224,3.27337,8.23405,11.4256,13.6643,16.2096,21.6951,27.1807,30.2608,37.6936,-6.06025,-1.80386,-1.87096,5.53545,6.61976,9.41666,11.5019,15.4677,17.24,18.9861,26.1063,27.8341,-14.2327,-3.6312,1.77684,4.02415,7.93583,11.1401,13.4502,16.0763,20.4586,24.3232,28.5022,38.2225,-4.74538,-2.47259,1.38793,5.59534,6.10505,9.75152,12.2401,13.9934,17.7039,18.4502,23.7784,26.5011,-12.6412,-3.59303,-1.49079,5.7205,9.17497,10.9822,13.0126,14.8114,18.3056,25.2147,28.4114,36.6405,-1.71854,0.720391,3.46958,6.59511,7.68108,9.80875,11.988,14.3673,16.3526,17.3747,20.8389,23.8435,-12.0774,-2.16586,1.31659,6.77323,8.67958,11.0305,13.0031,15.363,17.2415,23.0548,26.1388,36.0772,22.8219,1.17806,12,17.4614,6.53857,12,16.1344,7.86557,12,17.1209,6.87912,12,
76,-8.72258,-4.69859,2.52195,4.37224,6.98976,9.41237,12,14.7716,17.0103,20.3761,23.9561,31.6314,-14.3473,-4.21556,0.117007,2.33852,4.767,11.0192,12.9794,19.692,23.9294,26.3807,28.01,38.5199,-9.49663,-7.42059,-1.5416,2.19648,7.14325,8.28796,12,15.7001,16.8523,21.9986,25.1626,32.2622,-12.8925,-3.52351,-0.0712777,3.55138,5.22111,7.83347,16.233,18.832,20.6757,29.7603,28.8895,37.0903,-7.87991,-5.41274,-1.35481,0.503568,5.22962,10.5064,12,12.5414,18.7462,24.0635,25.8652,31.6937,-14.0745,-6.34997,0.392384,3.25011,8.27556,11.4644,13.6324,16.1943,21.7543,27.3244,30.4615,38.008,-6.21829,-1.91706,-2.01112,5.56576,6.6012,9.45028,11.4886,15.5477,17.2505,19.0144,26.2799,27.9548,-14.5466,-3.75661,1.73813,3.98996,7.93376,11.087,13.4797,16.0704,20.5039,24.4163,28.6645,38.5362,-4.89005,-2.61817,1.35937,5.60858,6.06085,9.73466,12.2673,14.0318,17.706,18.4369,23.8469,26.6354,-12.9103,-3.72345,-1.61105,5.70129,9.18171,10.984,13.0103,14.8014,18.3277,25.3193,28.5734,36.9096,-1.78657,0.671019,3.46425,6.62505,7.64104,9.82269,11.985,14.3571,16.3845,17.3424,20.8565,23.9133,-12.3249,-2.2495,1.26235,6.79295,8.64822,11.0519,12.9928,15.4002,17.2225,23.1245,26.221,36.3247,22.9696,1.03045,12,17.5074,6.49259,12,16.2089,7.79112,12,17.2518,6.74822,12,
77,-8.92869,-4.88801,2.5079,4.36376,6.98696,9.44781,12,14.7414,17.0131,20.4148,24.0289,31.8431,-14.7024,-4.39372,0.0567904,2.26006,4.71045,11.0786,12.92,19.7631,24.0636,26.5526,28.1468,38.8793,-9.75456,-7.63406,-1.65908,2.13741,7.1571,8.27858,12,15.7091,16.8383,22.0574,25.2853,32.4798,-13.196,-3.66357,-0.129113,3.51137,5.16928,7.82852,16.24,18.8849,20.7143,30.0017,29.0739,37.3985,-8.05231,-5.60281,-1.46594,0.411465,5.19256,10.5252,12,12.4406,18.77,24.1803,26.0029,31.9154,-14.3905,-6.55729,0.342528,3.22684,8.31706,11.4966,13.6005,16.1789,21.8136,27.4681,30.6622,38.3223,-6.37632,-2.03026,-2.15128,5.59421,6.58265,9.4839,11.4754,15.6277,17.261,19.0427,26.4536,28.0754,-14.8606,-3.88201,1.69942,3.95576,7.93169,11.0338,13.5084,16.0644,20.5492,24.5094,28.8268,38.8499,-5.03472,-2.76376,1.33081,5.62182,6.0185,9.71781,12.2817,14.0801,17.708,18.4236,23.9153,26.7698,-13.1794,-3.85387,-1.73131,5.6764,9.18845,10.9858,13.0117,14.7915,18.3554,25.4239,28.7353,37.1787,-1.8546,0.621648,3.45891,6.65486,7.60668,9.83249,11.9809,14.353,16.4109,17.3145,20.874,23.9845,-12.5723,-2.33313,1.20812,6.81267,8.61699,11.0692,12.9858,15.4328,17.2035,23.1929,26.3031,36.5721,23.1172,0.882829,12,17.5534,6.44661,12,16.2833,7.71666,12,17.3827,6.61733,12,
78,-9.1348,-5.07743,2.49385,4.35528,6.98417,9.48325,12,14.7113,17.0159,20.4535,24.1016,32.0549,-15.0575,-4.57188,-0.0034257,2.1816,4.65389,11.1224,12.8762,19.8342,24.1979,26.7246,28.2835,39.2387,-10.0125,-7.84753,-1.77656,2.07833,7.17096,8.2692,12,15.7182,16.8243,22.1162,25.408,32.6975,-13.4995,-3.80363,-0.186948,3.47136,5.11745,7.82358,16.2472,18.9377,20.7529,30.2431,29.2584,37.7067,-8.22472,-5.79289,-1.57707,0.319362,5.1555,10.544,12,12.3491,18.7938,24.2971,26.1407,32.1372,-14.7064,-6.76461,0.292672,3.20357,8.35857,11.5194,13.5687,16.1633,21.8728,27.6118,30.8629,38.6367,-6.53436,-2.14347,-2.29144,5.62112,6.56409,9.51752,11.4628,15.7078,17.2715,19.071,26.6273,28.196,-15.1745,-4.00742,1.66072,3.92157,7.92963,10.98,13.5362,16.0584,20.5944,24.6024,28.9891,39.1636,-5.1794,-2.90934,1.30225,5.63507,5.97771,9.70095,12.2845,14.1327,17.7101,18.4103,23.9837,26.9041,-13.4485,-3.98429,-1.85157,5.64484,9.19519,10.9876,13.0214,14.7815,18.3885,25.5285,28.8972,37.4478,-1.92264,0.572276,3.45357,6.68153,7.57899,9.83989,11.9755,14.3545,16.4319,17.2969,20.8916,24.056,-12.8198,-2.41676,1.15388,6.83239,8.5889,11.0794,12.9838,15.4553,17.1845,23.2609,26.3853,36.8196,23.2648,0.735211,12,17.5994,6.40063,12,16.3578,7.6422,12,17.5136,6.48643,12,
79,-9.34091,-5.26685,2.4798,4.34681,6.98138,9.51869,12,14.6812,17.0187,20.4921,24.1743,32.2666,-15.4127,-4.75005,-0.0636418,2.10313,4.59733,11.142,12.8565,19.9053,24.3321,26.8966,28.4203,39.5981,-10.2704,-8.061,-1.89404,2.01925,7.18481,8.25982,12,15.7272,16.8103,22.175,25.5307,32.9152,-13.803,-3.9437,-0.244783,3.43135,5.06561,7.81863,16.2544,18.9906,20.7915,30.4844,29.4428,38.0149,-8.39713,-5.98296,-1.6882,0.227259,5.11843,10.5627,12,12.2669,18.8176,24.4139,26.2784,32.359,-15.0223,-6.97193,0.242816,3.1803,8.40007,11.5329,13.5368,16.1477,21.932,27.7555,31.0636,38.9511,-6.6924,-2.25667,-2.4316,5.64705,6.54554,9.55114,11.4533,15.7878,17.282,19.0993,26.8008,28.3168,-15.4884,-4.13282,1.62201,3.88738,7.92756,10.9231,13.5629,16.0525,20.6397,24.6955,29.1513,39.4774,-5.32407,-3.05492,1.27369,5.64831,5.93788,9.68409,12.276,14.1865,17.7122,18.397,24.0521,27.0384,-13.7176,-4.11471,-1.97183,5.60696,9.20192,10.989,13.0426,14.7716,18.4259,25.6332,29.0592,37.7169,-1.99067,0.522905,3.44823,6.69984,7.55763,9.84669,11.9695,14.3606,16.4486,17.2931,20.9092,24.1275,-13.0672,-2.5004,1.09964,6.85211,8.56917,11.0807,12.9876,15.4638,17.1655,23.329,26.4674,37.0671,23.4124,0.587594,12,17.6454,6.35465,12,16.4323,7.56774,12,17.6445,6.35554,12,
80,-9.54702,-5.45627,2.46576,4.33833,6.97858,9.55413,12,14.6511,17.0215,20.5308,24.247,32.4783,-15.7678,-4.92821,-0.123858,2.02467,4.54078,11.1335,12.865,19.9764,24.4664,27.0685,28.557,39.9574,-10.5283,-8.27447,-2.01152,1.96017,7.19866,8.25044,12,15.7362,16.7963,22.2338,25.6534,33.1329,-14.1065,-4.08376,-0.302618,3.39135,5.01378,7.81368,16.2617,19.0435,20.8301,30.7258,29.6272,38.3231,-8.56954,-6.17303,-1.79934,0.135156,5.08137,10.5806,12,12.1926,18.8415,24.5307,26.4162,32.5807,-15.3382,-7.17925,0.19296,3.15704,8.44158,11.5395,13.5049,16.1321,21.9912,27.8992,31.2643,39.2654,-6.85044,-2.36987,-2.57176,5.67266,6.52699,9.58476,11.4498,15.8678,17.2925,19.1276,26.9724,28.4394,-15.8024,-4.25823,1.5833,3.85319,7.92549,10.8603,13.5885,16.0465,20.685,24.7886,29.3136,39.7911,-5.46874,-3.20051,1.24513,5.66155,5.89838,9.66723,12.2581,14.2414,17.7143,18.3837,24.1206,27.1728,-13.9867,-4.24513,-2.09209,5.56434,9.20866,10.987,13.0751,14.7631,18.4655,25.7378,29.2211,37.986,-2.0587,0.473533,3.4429,6.7061,7.541,9.8535,11.9635,14.3695,16.4631,17.3043,20.9267,24.199,-13.3147,-2.58403,1.0454,6.87183,8.56149,11.073,12.9975,15.4574,17.1464,23.397,26.5496,37.3145,23.56,0.439977,12,17.6913,6.30866,12,16.5067,7.49328,12,17.7754,6.22465,12,
